1	209	8.04083
1	229	8.99493
1	282	8.93168
1	327	9.874
1	332	12.8
1	382	13.1779
1	394	12.2777
1	400	13.1049
1	414	12.2768
1	423	14.3583
1	425	14.3591
1	456	14.3601
2	12	10.8808
2	15	10.6549
2	30	10.6549
2	46	10.025
2	56	10.8776
2	103	12.9199
2	116	11.722
2	126	11.7201
2	138	12.9131
2	143	11.7183
2	161	11.7185
2	173	13.9284
3	124	16.9
3	135	6.45649
3	321	9.72563
3	325	9.48764
3	374	11.6926
3	387	12.851
3	411	12.0727
3	415	12.9347
3	416	12.0712
3	419	14.1525
3	432	14.153
3	434	14.1538
4	121	8.85996
4	305	8.59914
4	384	11.17
4	385	10.5388
4	393	11.8165
4	408	10.5123
4	427	11.4625
4	443	12.9254
4	450	12.2918
4	463	13.3411
4	465	13.3417
4	490	13.7241
5	422	10.2923
5	451	10.2906
5	454	10.2889
5	458	12.3521
5	460	12.3509
5	484	12.3491
5	485	12.3491
5	487	18.75
5	488	12.3496
5	494	12.3504
5	495	12.3515
5	497	12.3528
6	13	12.3056
6	14	10.9406
6	44	14.4
6	46	12.3052
6	54	10.9355
6	61	10.9326
6	64	10.9299
6	73	10.9278
6	75	10.9266
6	91	13.1763
6	101	13.1768
6	107	13.1777
7	34	9.86894
7	37	9.72334
7	38	13.2744
7	45	9.64016
7	89	12.2401
7	151	10.8205
7	171	11.9678
7	181	11.9661
7	202	13.25
7	211	11.9647
7	262	14.1401
7	293	14.141
8	163	8.01575
8	206	8.08848
8	258	8.91359
8	271	10.3384
8	273	9.02765
8	302	10.2226
8	344	11.2741
8	372	11.2733
8	377	12.5019
8	383	13.3731
8	412	13.3738
8	417	13.3749
9	17	10.0425
9	70	11.1902
9	76	10.1294
9	81	11.1104
9	119	10.9837
9	159	12.2096
9	199	11.9317
9	214	12.002
9	218	11.9234
9	236	13.0135
9	306	15.1604
9	389	28.9
10	97	10.6083
10	100	10.9118
10	129	10.8227
10	146	10.6924
10	152	10.7891
10	182	11.7801
10	185	11.7699
10	197	11.7793
10	261	12.8181
10	266	12.8181
10	299	14.9658
10	388	16.0565
11	49	11.988
11	166	9.82018
11	184	9.64059
11	191	10.9954
11	231	10.7169
11	246	11.7851
11	264	11.8174
11	310	12.7465
11	312	12.9123
11	319	11.6915
11	341	13.8133
11	365	13.814
12	2	10.8808
12	15	10.8837
12	30	10.8837
12	56	11.1065
12	60	10.8791
12	65	14.4
12	116	11.9509
12	126	11.9489
12	138	13.1419
12	143	11.9471
12	161	11.9474
12	173	14.1573
13	6	12.3056
13	14	12.3049
13	54	12.2999
13	61	12.2969
13	64	12.2943
13	73	12.2922
13	75	12.291
13	91	14.5407
13	101	14.5411
13	107	14.5421
13	307	12.0326
13	308	1.03049
14	6	10.9406
14	13	12.3049
14	46	12.3046
14	54	10.9349
14	61	10.9319
14	64	10.9293
14	73	10.9272
14	75	10.926
14	91	13.1757
14	101	13.1761
14	107	13.1771
14	417	12.15
15	2	10.6549
15	12	10.8837
15	56	10.8806
15	60	10.6532
15	103	12.9229
15	116	11.725
15	126	11.723
15	138	12.916
15	143	11.7212
15	147	16.9
15	161	11.7215
15	173	13.9314
16	177	8.08194
16	339	9.59513
16	368	9.92665
16	384	12.0501
16	385	11.4188
16	393	12.6966
16	412	14.2813
16	418	12.1064
16	427	12.3425
16	443	13.8054
16	450	13.1719
16	490	14.6042
17	9	10.0425
17	20	11.1003
17	76	10.1375
17	81	11.1185
17	136	10.9928
17	156	11.9967
17	159	12.2177
17	199	11.9399
17	214	12.0101
17	236	13.0217
17	306	15.1685
17	429	18.4545
18	27	9.51258
18	57	9.27892
18	71	9.3371
18	78	9.27825
18	83	11.524
18	93	10.1912
18	125	11.5181
18	148	11.5409
18	153	11.5409
18	176	11.2742
18	213	11.2744
18	277	13.4501
19	62	8.94713
19	117	16.9
19	158	8.30847
19	237	10.7442
19	240	9.92241
19	276	10.7984
19	294	12.9411
19	316	11.9095
19	333	14.0309
19	338	14.0315
19	356	14.0325
19	360	14.0338
20	17	11.1003
20	81	12.1682
20	119	12.0415
20	136	12.0425
20	156	13.0464
20	199	12.9895
20	214	13.0598
20	218	12.9812
20	235	22.5
20	236	14.0713
20	306	16.2182
20	359	7.16975
21	43	14.4
21	209	8.18282
21	265	8.67003
21	282	9.07367
21	300	11.0542
21	361	11.1413
21	382	13.3199
21	394	12.4197
21	414	12.4188
21	423	14.5003
21	425	14.5011
21	456	14.5021
22	114	8.77338
22	163	10.0723
22	273	11.0842
22	285	8.27588
22	302	12.2792
22	344	13.3306
22	372	13.3298
22	377	14.5584
22	383	15.4296
22	412	15.4304
22	417	15.4314
22	474	18.1261
23	72	7.82021
23	133	8.68827
23	180	9.62936
23	280	10.9428
23	285	12.0029
23	297	13.1053
23	320	13.0248
23	323	12.0459
23	351	14.1677
23	354	14.1686
23	379	14.1698
23	431	16.3001
24	42	12.0549
24	53	13.1092
24	63	12.052
24	67	11.9281
24	77	11.9281
24	90	13.0335
24	91	5.34567
24	94	13.0324
24	115	6.55666
24	128	13.0319
24	140	14.3351
24	200	15.2427
25	62	9.68047
25	137	0.152695
25	240	10.6557
25	276	11.5317
25	291	12.4293
25	294	13.6744
25	316	12.6428
25	333	14.7643
25	338	14.7648
25	356	14.7658
25	360	14.7671
25	450	22.2026
26	43	10.6719
26	52	10.4462
26	65	10.4462
26	74	9.51474
26	82	11.5575
26	130	12.7074
26	131	11.5497
26	139	11.5483
26	186	13.7568
26	204	13.757
26	219	13.7577
26	480	18.1214
27	18	9.51258
27	41	14.4
27	57	10.4724
27	71	10.5306
27	78	10.4717
27	83	12.7175
27	93	11.3847
27	123	12.4004
27	125	12.7115
27	176	12.4676
27	213	12.4679
27	277	14.6436
28	99	9.5287
28	149	9.81314
28	217	10.8447
28	233	11.7749
28	235	11.7728
28	239	11.7712
28	245	11.7702
28	256	12.85
28	275	11.7697
28	308	13.9165
28	317	13.9175
28	364	10.7428
29	87	9.61009
29	124	9.61009
29	169	11.7183
29	178	11.8368
29	193	10.7222
29	196	11.8312
29	204	14.0315
29	232	12.8932
29	269	12.8924
29	272	12.8924
29	274	12.8931
29	288	12.8942
30	2	10.6549
30	12	10.8837
30	56	10.8806
30	60	10.6532
30	103	12.9229
30	109	8.85996
30	116	11.725
30	126	11.723
30	138	12.916
30	143	11.7212
30	161	11.7215
30	173	13.9314
31	296	8.89126
31	324	8.87516
31	328	25.6
31	331	8.78503
31	392	12.1128
31	406	12.0218
31	429	13.1812
31	430	13.1806
31	433	13.1806
31	449	13.181
31	453	13.1819
31	455	13.183
32	58	10.0403
32	87	9.77414
32	124	9.77414
32	131	16.9
32	178	12.0009
32	193	10.8862
32	196	11.9953
32	232	13.0572
32	269	13.0565
32	272	13.0565
32	274	13.0571
32	288	13.0583
33	66	8.97611
33	84	10.2912
33	113	16.9
33	116	16.9
33	133	10.3956
33	180	11.3367
33	280	12.6502
33	320	14.7322
33	323	13.7533
33	351	15.8751
33	354	15.876
33	379	15.8772
34	7	9.86894
34	37	9.5233
34	144	10.6552
34	151	10.6205
34	167	12.8582
34	171	11.7677
34	181	11.766
34	202	13.05
34	211	11.7646
34	262	13.94
34	293	13.9409
34	459	21.505
35	50	9.7226
35	95	11.4749
35	98	10.4986
35	147	10.496
35	178	8.55
35	188	12.8185
35	210	11.553
35	216	11.5519
35	220	11.5515
35	226	12.6282
35	228	13.7272
35	283	13.7283
36	187	19.6
36	189	9.89294
36	205	9.36937
36	227	10.9011
36	248	12.0593
36	287	11.9818
36	309	12.7926
36	311	11.6932
36	315	11.6933
36	328	11.694
36	363	13.8164
36	378	13.8177
37	7	9.72334
37	34	9.5233
37	89	11.8945
37	144	10.5096
37	167	12.7126
37	171	11.6221
37	181	11.6204
37	202	12.9044
37	211	11.619
37	262	13.7945
37	293	13.7953
37	334	12.0702
38	7	13.2744
38	237	11.3003
38	240	10.4785
38	274	2.01278
38	276	11.3545
38	291	12.2521
38	294	13.4972
38	316	12.4656
38	333	14.587
38	338	14.5876
38	356	14.5886
38	360	14.5899
39	100	10.4169
39	129	10.3278
39	152	10.2942
39	162	12.3701
39	182	11.2851
39	184	19.6
39	185	11.2749
39	197	11.2843
39	261	12.3232
39	266	12.3232
39	281	13.3922
39	299	14.4709
40	215	8.66087
40	238	10.4121
40	241	10.4111
40	257	11.5846
40	259	10.6632
40	301	11.5869
40	313	11.5851
40	314	25.6
40	334	13.7044
40	342	13.7042
40	352	13.7045
40	359	13.7052
41	27	14.4
41	66	7.39769
41	72	7.94918
41	180	9.75833
41	280	11.0718
41	285	12.1319
41	297	13.2343
41	320	13.1538
41	323	12.1749
41	351	14.2967
41	354	14.2975
41	379	14.2988
42	24	12.0549
42	49	12.0547
42	63	10.5716
42	67	10.4477
42	77	10.4477
42	90	11.5531
42	94	11.5519
42	128	11.5514
42	140	12.8547
42	160	12.8555
42	200	13.7623
42	309	14.0293
43	21	14.4
43	26	10.6719
43	52	10.4491
43	65	10.4491
43	74	9.51767
43	82	11.5605
43	115	12.7131
43	131	11.5526
43	139	11.5512
43	186	13.7597
43	204	13.7599
43	219	13.7607
44	6	14.4
44	122	9.69168
44	134	10.0033
44	165	10.9039
44	174	12.0257
44	192	10.8983
44	222	10.8964
44	244	13.0701
44	250	13.0696
44	255	13.0697
44	267	13.0705
44	290	13.0717
45	7	9.64016
45	89	11.8113
45	144	10.4264
45	151	10.3917
45	167	12.6294
45	171	11.5389
45	181	11.5373
45	202	12.8212
45	211	11.5359
45	262	13.7113
45	293	13.7122
45	400	11.6422
46	2	10.025
46	6	12.3052
46	14	12.3046
46	54	12.2996
46	61	12.2966
46	64	12.2939
46	73	12.2919
46	75	12.2907
46	91	14.5404
46	101	14.5408
46	107	14.5418
46	342	7.76411
47	50	9.69581
47	98	10.4718
47	105	11.7511
47	147	10.4692
47	188	12.7918
47	210	11.5263
47	216	11.5251
47	220	11.5247
47	226	12.6014
47	228	13.7004
47	283	13.7016
47	409	15.6438
48	88	11.9432
48	92	10.6637
48	94	16.9
48	106	10.5723
48	109	11.8214
48	110	10.5641
48	111	11.7207
48	120	11.7311
48	175	12.7895
48	183	11.5328
48	195	12.672
48	247	13.7086
49	11	11.988
49	42	12.0547
49	53	13.109
49	63	12.0518
49	67	11.9279
49	77	11.9279
49	90	13.0334
49	94	13.0322
49	128	13.0317
49	160	14.3358
49	200	15.2425
49	368	28.9
50	35	9.7226
50	47	9.69581
50	98	10.7901
50	105	12.0694
50	147	10.7875
50	188	13.11
50	210	11.8445
50	216	11.8434
50	220	11.843
50	228	14.0187
50	270	22.5
50	283	14.0198
51	99	16.9
51	304	9.48671
51	314	9.33232
51	355	11.2148
51	370	11.4582
51	374	11.2712
51	411	11.6513
51	415	12.5133
51	416	11.6498
51	419	13.7311
51	432	13.7316
51	434	13.7324
52	26	10.4462
52	43	10.4491
52	74	9.29201
52	82	11.3348
52	115	12.4875
52	130	12.4846
52	131	11.3269
52	139	11.3255
52	186	13.534
52	204	13.5342
52	219	13.535
52	350	28.9
53	24	13.1092
53	49	13.109
53	67	11.5019
53	77	11.5019
53	90	12.6074
53	94	12.6062
53	128	12.6057
53	140	13.909
53	160	13.9098
53	200	14.8165
53	320	5.20225
53	433	15.2885
54	6	10.9355
54	13	12.2999
54	14	10.9349
54	46	12.2996
54	61	10.9269
54	64	10.9242
54	73	10.9222
54	75	10.921
54	91	13.1706
54	101	13.1711
54	107	13.172
54	248	8.65
55	168	9.26416
55	305	9.02585
55	368	9.47328
55	376	9.47325
55	393	12.2432
55	408	10.939
55	418	11.653
55	427	11.8892
55	443	13.3521
55	463	13.7678
55	465	13.7684
55	490	14.1508
56	2	10.8776
56	12	11.1065
56	15	10.8806
56	30	10.8806
56	60	10.876
56	103	13.1456
56	116	11.9477
56	126	11.9458
56	143	11.9439
56	161	11.9442
56	173	14.1541
56	407	14.95
57	18	9.27892
57	27	10.4724
57	71	10.2969
57	83	12.4838
57	93	11.151
57	123	12.1668
57	148	12.5007
57	153	12.5007
57	176	12.234
57	213	12.2342
57	277	14.4099
57	355	15.7564
58	32	10.0403
58	83	10.9631
58	87	11.1168
58	105	2.21309
58	124	11.1168
58	169	13.2249
58	193	12.2289
58	232	14.3998
58	269	14.3991
58	272	14.3991
58	274	14.3998
58	288	14.4009
59	104	9.69175
59	134	10.0013
59	165	10.9019
59	174	12.0237
59	192	10.8963
59	222	10.8944
59	244	13.0681
59	250	13.0676
59	255	13.0677
59	267	13.0685
59	290	13.0697
59	495	15.95
60	12	10.8791
60	15	10.6532
60	30	10.6532
60	56	10.876
60	103	12.9183
60	116	11.7204
60	126	11.7184
60	138	12.9114
60	143	11.7166
60	161	11.7169
60	173	13.9268
60	226	9.92908
61	6	10.9326
61	13	12.2969
61	14	10.9319
61	46	12.2966
61	54	10.9269
61	64	10.9212
61	73	10.9192
61	75	10.918
61	91	13.1677
61	101	13.1681
61	107	13.1691
61	172	19.6
62	19	8.94713
62	25	9.68047
62	225	11.8726
62	237	12.2383
62	240	11.4165
62	316	13.4036
62	333	15.525
62	338	15.5256
62	356	15.5266
62	360	15.5279
62	376	28.9
62	459	18.495
63	24	12.052
63	42	10.5716
63	49	12.0518
63	67	10.4448
63	77	10.4448
63	90	11.5502
63	94	11.549
63	128	11.5485
63	140	12.8518
63	160	12.8526
63	200	13.7594
63	282	22.5
64	6	10.9299
64	13	12.2943
64	14	10.9293
64	46	12.2939
64	54	10.9242
64	61	10.9212
64	73	10.9165
64	75	10.9153
64	91	13.165
64	101	13.1654
64	107	13.1664
64	394	32.4
65	12	14.4
65	26	10.4462
65	43	10.4491
65	74	9.29201
65	82	11.3348
65	115	12.4875
65	130	12.4846
65	131	11.3269
65	139	11.3255
65	186	13.534
65	204	13.5342
65	219	13.535
66	33	8.97611
66	41	7.39769
66	84	8.70822
66	280	11.0672
66	285	12.1273
66	297	13.2297
66	320	13.1492
66	323	12.1703
66	351	14.2921
66	354	14.2929
66	379	14.2942
66	498	24.1469
67	24	11.9281
67	42	10.4477
67	49	11.9279
67	53	11.5019
67	63	10.4448
67	90	11.4263
67	94	11.4251
67	128	11.4246
67	140	12.7279
67	160	12.7287
67	200	13.6355
67	228	13.7234
68	121	9.57146
68	189	9.87209
68	227	10.8803
68	248	12.0385
68	287	11.9609
68	309	12.7718
68	311	11.6724
68	315	11.6725
68	328	11.6731
68	363	13.7956
68	378	13.7969
68	428	14
69	284	8.82712
69	292	9.1529
69	332	12.8
69	337	11.1439
69	340	11.1416
69	343	12.0618
69	362	12.1701
69	366	12.1517
69	381	12.1513
69	403	13.2342
69	405	14.4802
69	413	13.2353
70	9	11.1902
70	76	11.2852
70	119	12.1394
70	136	12.1405
70	156	13.1444
70	173	10.2617
70	199	13.0875
70	207	19.6
70	214	13.1578
70	218	13.0792
70	236	14.1693
70	306	16.3162
71	18	9.3371
71	27	10.5306
71	57	10.2969
71	78	10.2962
71	83	12.542
71	125	12.536
71	136	16.9
71	148	12.5589
71	153	12.5589
71	176	12.2921
71	213	12.2924
71	277	14.4681
72	23	7.82021
72	41	7.94918
72	84	9.25971
72	133	9.36413
72	135	16.9
72	280	11.6187
72	285	12.6788
72	297	13.7812
72	323	12.7218
72	351	14.8436
72	354	14.8444
72	379	14.8457
73	6	10.9278
73	13	12.2922
73	14	10.9272
73	46	12.2919
73	54	10.9222
73	61	10.9192
73	64	10.9165
73	75	10.9133
73	91	13.163
73	101	13.1634
73	107	13.1644
73	481	21.7867
74	26	9.51474
74	43	9.51767
74	52	9.29201
74	65	9.29201
74	82	10.4033
74	115	11.556
74	130	11.5532
74	131	10.3955
74	139	10.394
74	186	12.6026
74	204	12.6028
74	219	12.6035
75	6	10.9266
75	13	12.291
75	14	10.926
75	46	12.2907
75	54	10.921
75	61	10.918
75	64	10.9153
75	73	10.9133
75	91	13.1618
75	101	13.1622
75	107	13.1632
75	358	13.2
76	9	10.1294
76	17	10.1375
76	70	11.2852
76	81	11.2054
76	119	11.0787
76	136	11.0797
76	159	12.3046
76	214	12.097
76	218	12.0184
76	236	13.1086
76	306	15.2554
76	373	13.2
77	24	11.9281
77	42	10.4477
77	49	11.9279
77	53	11.5019
77	63	10.4448
77	90	11.4263
77	94	11.4251
77	128	11.4246
77	140	12.7279
77	148	2.85
77	160	12.7287
77	200	13.6355
78	18	9.27825
78	27	10.4717
78	71	10.2962
78	93	11.1503
78	103	12.1275
78	123	12.1661
78	125	12.4772
78	148	12.5001
78	153	12.5001
78	176	12.2333
78	213	12.2336
78	277	14.4093
79	396	10.2934
79	420	11.4048
79	431	12.1225
79	437	12.1199
79	442	18.2843
79	445	12.1102
79	459	13.4593
79	462	13.4585
79	464	13.4582
79	469	13.4583
79	475	13.4589
79	476	13.4598
79	492	13.4609
80	183	19.6
80	215	9.51444
80	253	11.1971
80	257	12.4381
80	259	11.5168
80	289	11.1881
80	301	12.4405
80	313	12.4386
80	332	13.3284
80	334	14.558
80	342	14.5578
80	352	14.5581
80	359	14.5588
81	9	11.1104
81	17	11.1185
81	20	12.1682
81	76	11.2054
81	119	12.0597
81	136	12.0607
81	156	13.0646
81	199	13.0078
81	214	13.078
81	218	12.9994
81	236	14.0896
81	265	22.5
81	306	16.2364
82	26	11.5575
82	43	11.5605
82	52	11.3348
82	65	11.3348
82	74	10.4033
82	115	13.5988
82	130	13.596
82	131	12.4383
82	139	12.4368
82	186	14.6454
82	204	14.6455
82	219	14.6463
82	422	36.1
83	18	11.524
83	27	12.7175
83	57	12.4838
83	58	10.9631
83	71	12.542
83	93	13.3961
83	123	14.4118
83	148	14.7458
83	153	14.7458
83	176	14.4791
83	204	5.56846
83	213	14.4793
83	277	16.655
84	33	10.2912
84	66	8.70822
84	72	9.25971
84	133	10.1278
84	180	11.0689
84	263	10.8956
84	285	13.4424
84	297	14.5448
84	320	14.4643
84	323	13.4854
84	351	15.6072
84	354	15.6081
84	379	15.6093
85	189	12.0982
85	205	11.5746
85	207	11.3549
85	213	19.6
85	248	14.2645
85	287	14.187
85	309	14.9978
85	311	13.8984
85	315	13.8985
85	328	13.8992
85	340	28.9
85	363	16.0216
85	378	16.0229
86	114	8.90141
86	163	10.2003
86	206	10.273
86	224	9.67964
86	262	18.2688
86	271	12.523
86	302	12.4072
86	344	13.4587
86	372	13.4578
86	377	14.6865
86	383	15.5577
86	412	15.5584
86	417	15.5595
87	29	9.61009
87	32	9.77414
87	58	11.1168
87	159	16.232
87	169	12.9588
87	178	13.0774
87	193	11.9627
87	196	13.0718
87	232	14.1337
87	269	14.133
87	272	14.133
87	274	14.1336
87	288	14.1348
88	48	11.9432
88	92	12.945
88	96	13.921
88	106	12.8536
88	109	14.1026
88	110	12.8453
88	111	14.002
88	130	0.98252
88	183	13.814
88	195	14.9532
88	203	14.8627
88	247	15.9898
88	409	16.7562
89	7	12.2401
89	37	11.8945
89	45	11.8113
89	144	13.0263
89	151	12.9916
89	167	15.2293
89	171	14.1389
89	181	14.1372
89	211	14.1358
89	262	16.3112
89	293	16.3121
89	398	13.9427
89	454	36.1
90	24	13.0335
90	42	11.5531
90	49	13.0334
90	53	12.6074
90	63	11.5502
90	67	11.4263
90	77	11.4263
90	94	12.5305
90	128	12.53
90	140	13.8333
90	160	13.8341
90	200	14.7409
90	268	22.5
91	6	13.1763
91	13	14.5407
91	14	13.1757
91	24	5.34567
91	46	14.5404
91	54	13.1706
91	61	13.1677
91	64	13.165
91	73	13.163
91	75	13.1618
91	101	15.4119
91	107	15.4128
91	386	13.5272
92	48	10.6637
92	88	12.945
92	96	12.6415
92	106	11.574
92	109	12.8231
92	110	11.5658
92	111	12.7225
92	120	12.7328
92	175	13.7913
92	183	12.5345
92	203	13.5832
92	247	14.7103
92	386	18.8728
93	18	10.1912
93	27	11.3847
93	57	11.151
93	78	11.1503
93	83	13.3961
93	123	13.0791
93	125	13.3901
93	146	16.9
93	148	13.413
93	153	13.413
93	176	13.1463
93	213	13.1465
93	277	15.3222
94	24	13.0324
94	42	11.5519
94	48	16.9
94	49	13.0322
94	53	12.6062
94	63	11.549
94	67	11.4251
94	77	11.4251
94	90	12.5305
94	128	12.5289
94	140	13.8321
94	160	13.833
94	200	14.7397
95	35	11.4749
95	98	12.5424
95	105	13.8218
95	147	12.5398
95	188	14.8624
95	210	13.5969
95	216	13.5958
95	220	13.5953
95	226	14.672
95	228	15.7711
95	283	15.7722
95	353	11.3382
95	472	17.4506
96	88	13.921
96	92	12.6415
96	106	12.5501
96	110	12.5418
96	111	13.6985
96	120	13.7089
96	175	14.7673
96	183	13.5105
96	195	14.6498
96	203	14.5592
96	223	19.6
96	224	19.6
96	247	15.6864
97	10	10.6083
97	100	11.5061
97	129	11.417
97	146	11.2867
97	162	13.4593
97	182	12.3743
97	185	12.3641
97	197	12.3735
97	261	13.4124
97	266	13.4124
97	281	14.4814
97	299	15.5601
97	407	17.45
98	35	10.4986
98	47	10.4718
98	50	10.7901
98	95	12.5424
98	105	12.8454
98	188	13.886
98	210	12.6205
98	216	12.6194
98	220	12.6189
98	226	13.6956
98	228	14.7947
98	283	14.7958
98	421	17.6875
99	28	9.5287
99	51	16.9
99	170	11.5017
99	190	12.6598
99	217	11.7561
99	233	12.6863
99	235	12.6843
99	239	12.6826
99	245	12.6816
99	256	13.7615
99	275	12.6811
99	308	14.8279
99	317	14.8289
100	10	10.9118
100	39	10.4169
100	97	11.5061
100	146	11.5902
100	152	11.6868
100	182	12.6778
100	185	12.6676
100	197	12.677
100	261	13.7158
100	266	13.7159
100	281	14.7848
100	299	15.8636
100	301	25.6
101	6	13.1768
101	13	14.5411
101	14	13.1761
101	46	14.5408
101	54	13.1711
101	61	13.1681
101	64	13.1654
101	73	13.1634
101	75	13.1622
101	91	15.4119
101	107	15.4133
101	348	28.9
101	401	2.55499
102	223	7.80417
102	268	8.87286
102	320	20.3978
102	357	12.3153
102	395	13.3291
102	398	13.0263
102	399	13.1384
102	401	12.9294
102	435	14.172
102	438	14.1721
102	441	14.1727
102	442	14.1737
102	452	14.175
103	2	12.9199
103	15	12.9229
103	30	12.9229
103	56	13.1456
103	60	12.9183
103	78	12.1275
103	116	13.99
103	126	13.9881
103	138	15.1811
103	143	13.9862
103	161	13.9865
103	173	16.1964
103	414	32.4
104	59	9.69175
104	122	10.8561
104	134	11.1677
104	165	12.0683
104	174	13.1901
104	192	12.0627
104	222	12.0608
104	244	14.2345
104	250	14.234
104	255	14.2341
104	267	14.2349
104	290	14.2361
104	452	18.05
105	47	11.7511
105	50	12.0694
105	58	2.21309
105	95	13.8218
105	98	12.8454
105	147	12.8428
105	210	13.8999
105	216	13.8987
105	220	13.8983
105	226	14.975
105	228	16.0741
105	283	16.0752
105	388	16.3435
106	48	10.5723
106	88	12.8536
106	92	11.574
106	96	12.5501
106	109	12.7317
106	110	11.4744
106	111	12.6311
106	175	13.6999
106	183	12.4431
106	195	13.5823
106	203	13.4918
106	247	14.6189
106	493	14.3922
107	6	13.1777
107	13	14.5421
107	14	13.1771
107	46	14.5418
107	54	13.172
107	61	13.1691
107	64	13.1664
107	73	13.1644
107	75	13.1632
107	91	15.4128
107	101	15.4133
107	323	25.6
107	406	11.3026
108	166	10.5121
108	191	11.6874
108	203	15.0914
108	231	11.4088
108	243	12.2016
108	246	12.477
108	279	12.2908
108	310	13.4384
108	312	13.6042
108	319	12.3835
108	322	13.2829
108	341	14.5053
108	365	14.506
109	30	8.85996
109	48	11.8214
109	88	14.1026
109	92	12.8231
109	106	12.7317
109	110	12.7235
109	120	13.8905
109	175	14.9489
109	183	13.6922
109	195	14.8314
109	203	14.7409
109	247	15.868
109	448	13.62
110	48	10.5641
110	88	12.8453
110	92	11.5658
110	96	12.5418
110	106	11.4744
110	109	12.7235
110	120	12.6332
110	175	13.6916
110	183	12.4348
110	195	13.574
110	196	15.1208
110	203	13.4835
110	247	14.6107
111	48	11.7207
111	88	14.002
111	92	12.7225
111	96	13.6985
111	106	12.6311
111	120	13.7899
111	175	14.8483
111	183	13.5915
111	195	14.7307
111	203	14.6402
111	247	15.7673
111	345	0.105385
111	456	20.6451
112	172	8.58368
112	202	17.6149
112	229	10.2019
112	282	10.1387
112	300	12.1192
112	327	11.081
112	361	12.2063
112	394	13.4847
112	400	14.3119
112	414	13.4838
112	423	15.5653
112	425	15.5661
112	456	15.5672
113	33	16.9
113	149	10.6252
113	170	11.4023
113	190	12.5605
113	217	11.6568
113	233	12.587
113	235	12.5849
113	239	12.5833
113	245	12.5822
113	256	13.6621
113	275	12.5818
113	308	14.7285
113	317	14.7296
114	22	8.77338
114	86	8.90141
114	206	10.4012
114	258	11.2263
114	273	11.3403
114	286	17.2625
114	302	12.5353
114	344	13.5868
114	372	13.586
114	377	14.8146
114	383	15.6858
114	412	15.6865
114	417	15.6876
115	24	6.55666
115	43	12.7131
115	52	12.4875
115	65	12.4875
115	74	11.556
115	82	13.5988
115	130	14.7486
115	131	13.5909
115	139	13.5895
115	186	15.798
115	204	15.7982
115	219	15.799
115	341	11.1756
116	2	11.722
116	12	11.9509
116	15	11.725
116	30	11.725
116	33	16.9
116	56	11.9477
116	60	11.7204
116	103	13.99
116	126	12.7902
116	138	13.9832
116	143	12.7883
116	161	12.7886
116	173	14.9985
117	19	16.9
117	249	8.88309
117	270	7.73549
117	407	12.3822
117	410	11.3775
117	424	13.0344
117	446	13.108
117	447	13.3244
117	473	14.2247
117	479	14.7459
117	493	14.7461
117	496	14.2265
117	500	14.5499
118	422	12.3378
118	436	18.5767
118	438	13.5044
118	451	12.336
118	454	12.3344
118	458	14.3976
118	460	14.3964
118	484	14.3946
118	485	14.3946
118	488	14.395
118	494	14.3959
118	495	14.397
118	497	14.3983
119	9	10.9837
119	20	12.0415
119	70	12.1394
119	76	11.0787
119	81	12.0597
119	136	11.934
119	159	13.1588
119	199	12.881
119	214	12.9513
119	218	12.8726
119	236	13.9628
119	272	12.701
119	306	16.1096
120	48	11.7311
120	92	12.7328
120	96	13.7089
120	109	13.8905
120	110	12.6332
120	111	13.7899
120	175	14.8587
120	183	13.6019
120	195	14.7411
120	203	14.6506
120	247	15.7777
120	398	18.4573
120	494	6.67946
121	4	8.85996
121	68	9.57146
121	189	12.4864
121	207	11.7431
121	227	13.4946
121	248	14.6528
121	287	14.5752
121	311	14.2867
121	315	14.2868
121	328	14.2874
121	363	16.4099
121	378	16.4112
121	426	13.62
122	44	9.69168
122	104	10.8561
122	134	11.1656
122	165	12.0662
122	174	13.188
122	192	12.0606
122	222	12.0587
122	244	14.2324
122	250	14.2319
122	255	14.232
122	267	14.2328
122	290	14.234
122	439	14.3547
123	27	12.4004
123	57	12.1668
123	78	12.1661
123	83	14.4118
123	93	13.0791
123	125	14.4059
123	148	14.4288
123	153	14.4288
123	176	14.162
123	213	14.1623
123	277	16.338
123	279	1.76406
123	449	11.9359
124	3	16.9
124	29	9.61009
124	32	9.77414
124	58	11.1168
124	169	12.9588
124	178	13.0774
124	193	11.9627
124	196	13.0718
124	232	14.1337
124	269	14.133
124	272	14.133
124	274	14.1336
124	288	14.1348
125	18	11.5181
125	27	12.7115
125	71	12.536
125	78	12.4772
125	93	13.3901
125	123	14.4059
125	138	2.95824
125	148	14.7399
125	153	14.7399
125	176	14.4731
125	193	19.6
125	213	14.4734
125	277	16.6491
126	2	11.7201
126	12	11.9489
126	15	11.723
126	30	11.723
126	56	11.9458
126	60	11.7184
126	103	13.9881
126	116	12.7902
126	138	13.9812
126	143	12.7864
126	161	12.7867
126	173	14.9966
126	297	19.4046
127	365	18.65
127	396	10.2931
127	420	11.4045
127	431	12.1222
127	437	12.1197
127	448	12.1079
127	459	13.459
127	462	13.4582
127	464	13.4579
127	469	13.458
127	475	13.4586
127	476	13.4595
127	492	13.4607
128	24	13.0319
128	42	11.5514
128	49	13.0317
128	53	12.6057
128	63	11.5485
128	67	11.4246
128	77	11.4246
128	90	12.53
128	94	12.5289
128	140	13.8316
128	160	13.8325
128	200	14.7392
128	258	22.5
129	10	10.8227
129	39	10.3278
129	97	11.417
129	146	11.5011
129	152	11.5977
129	162	13.6737
129	182	12.5887
129	185	12.5785
129	261	13.6267
129	266	13.6268
129	281	14.6957
129	288	10.0753
129	299	15.7745
130	26	12.7074
130	52	12.4846
130	65	12.4846
130	74	11.5532
130	82	13.596
130	88	0.98252
130	115	14.7486
130	131	13.5881
130	139	13.5867
130	186	15.7952
130	204	15.7954
130	219	15.7961
130	346	17.0894
131	26	11.5497
131	32	16.9
131	43	11.5526
131	52	11.3269
131	65	11.3269
131	74	10.3955
131	82	12.4383
131	115	13.5909
131	130	13.5881
131	139	12.429
131	186	14.6375
131	204	14.6377
131	219	14.6384
132	201	7.99208
132	350	10.3038
132	358	11.2642
132	364	11.1101
132	386	12.9265
132	397	12.9028
132	428	13.712
132	439	13.855
132	458	25.495
132	470	14.5954
132	478	14.5745
132	486	14.576
132	487	14.5976
133	23	8.68827
133	33	10.3956
133	72	9.36413
133	84	10.1278
133	180	11.1733
133	280	12.4867
133	297	14.6492
133	298	14.9613
133	320	14.5687
133	323	13.5899
133	351	15.7116
133	354	15.7125
133	379	15.7137
134	44	10.0033
134	59	10.0013
134	104	11.1677
134	122	11.1656
134	165	12.3779
134	192	12.3723
134	222	12.3703
134	244	14.5441
134	250	14.5435
134	255	14.5437
134	267	14.5444
134	290	14.5456
134	406	21.0974
135	3	6.45649
135	72	16.9
135	304	11.0117
135	314	10.8573
135	321	10.8292
135	370	12.9832
135	387	13.9546
135	411	13.1762
135	415	14.0382
135	416	13.1748
135	419	15.2561
135	432	15.2565
135	434	15.2574
136	17	10.9928
136	20	12.0425
136	70	12.1405
136	71	16.9
136	76	11.0797
136	81	12.0607
136	119	11.934
136	156	12.9389
136	159	13.1599
136	199	12.882
136	218	12.8737
136	236	13.9638
136	306	16.1107
137	25	0.152695
137	150	16.9
137	292	10.9292
137	335	13.7185
137	337	12.9202
137	340	12.9179
137	346	13.7089
137	362	13.9464
137	366	13.928
137	381	13.9276
137	403	15.0104
137	405	16.2565
137	413	15.0116
138	2	12.9131
138	12	13.1419
138	15	12.916
138	30	12.916
138	60	12.9114
138	103	15.1811
138	116	13.9832
138	125	2.95824
138	126	13.9812
138	143	13.9794
138	161	13.9797
138	173	16.1895
138	347	9.80701
139	26	11.5483
139	43	11.5512
139	52	11.3255
139	65	11.3255
139	74	10.394
139	82	12.4368
139	115	13.5895
139	130	13.5867
139	131	12.429
139	186	14.6361
139	204	14.6363
139	219	14.637
139	373	15.7
140	24	14.3351
140	42	12.8547
140	53	13.909
140	63	12.8518
140	67	12.7279
140	77	12.7279
140	90	13.8333
140	94	13.8321
140	128	13.8316
140	160	15.1357
140	200	16.0425
140	408	32.4
140	475	15.0508
141	278	10.9959
141	347	14.1153
141	348	12.968
141	349	14.1103
141	369	12.9611
141	371	14.021
141	373	13.9488
141	375	13.9587
141	388	15.0576
141	390	15.0579
141	391	15.0586
141	399	7.50039
141	486	10.0478
142	178	11.05
142	304	10.7804
142	314	10.626
142	321	10.5979
142	325	10.3599
142	355	12.5085
142	370	12.7519
142	387	13.7233
142	411	12.945
142	416	12.9435
142	419	15.0248
142	432	15.0253
142	434	15.0261
143	2	11.7183
143	12	11.9471
143	15	11.7212
143	30	11.7212
143	56	11.9439
143	60	11.7166
143	103	13.9862
143	116	12.7883
143	126	12.7864
143	138	13.9794
143	161	12.7848
143	173	14.9947
143	385	32.4
144	34	10.6552
144	37	10.5096
144	45	10.4264
144	89	13.0263
144	151	11.6068
144	167	13.8445
144	171	12.754
144	181	12.7523
144	202	14.0363
144	211	12.7509
144	262	14.9263
144	293	14.9272
144	452	18.05
145	208	8.87924
145	234	10.3842
145	293	4.38945
145	295	11.2205
145	324	11.5853
145	392	14.8229
145	429	15.8913
145	430	15.8907
145	433	15.8907
145	449	15.8911
145	453	15.892
145	455	15.8931
145	460	14.2077
146	10	10.6924
146	93	16.9
146	97	11.2867
146	100	11.5902
146	129	11.5011
146	152	11.4675
146	162	13.5434
146	182	12.4584
146	197	12.4576
146	261	13.4965
146	266	13.4965
146	281	14.5655
146	299	15.6442
147	15	16.9
147	35	10.496
147	47	10.4692
147	50	10.7875
147	95	12.5398
147	105	12.8428
147	188	13.8834
147	210	12.6179
147	216	12.6168
147	220	12.6164
147	226	13.6931
147	228	14.7921
147	283	14.7933
148	18	11.5409
148	57	12.5007
148	71	12.5589
148	77	2.85
148	78	12.5001
148	83	14.7458
148	93	13.413
148	123	14.4288
148	125	14.7399
148	176	14.496
148	213	14.4963
148	277	16.672
148	302	25.6
149	28	9.81314
149	113	10.6252
149	170	11.7861
149	190	12.9443
149	217	12.0405
149	233	12.9708
149	235	12.9687
149	239	12.9671
149	245	12.966
149	275	12.9656
149	308	15.1123
149	317	15.1133
149	487	21.25
150	137	16.9
150	396	10.4113
150	409	10.8255
150	420	11.5227
150	445	12.2281
150	448	12.226
150	459	13.5772
150	462	13.5764
150	464	13.5761
150	469	13.5762
150	475	13.5768
150	476	13.5777
150	492	13.5788
151	7	10.8205
151	34	10.6205
151	45	10.3917
151	89	12.9916
151	144	11.6068
151	167	13.8097
151	171	12.7193
151	181	12.7176
151	202	14.0015
151	211	12.7162
151	262	14.8916
151	293	14.8925
151	335	16.0125
152	10	10.7891
152	39	10.2942
152	100	11.6868
152	129	11.5977
152	146	11.4675
152	162	13.6401
152	185	12.5449
152	197	12.5543
152	261	13.5932
152	266	13.5932
152	281	14.6621
152	299	15.7409
152	448	22.48
153	18	11.5409
153	57	12.5007
153	71	12.5589
153	78	12.5001
153	83	14.7458
153	93	13.413
153	123	14.4288
153	125	14.7399
153	176	14.496
153	213	14.4963
153	277	16.672
153	278	22.5
153	457	5.6441
154	249	8.8069
154	269	9.9
154	270	7.65931
154	407	12.306
154	410	11.3013
154	421	13.0419
154	424	12.9582
154	461	14.155
154	471	14.1538
154	479	14.6697
154	489	14.1533
154	493	14.6699
154	500	14.4737
155	201	9.02647
155	209	19.6
155	317	6.7554
155	330	11.3247
155	350	11.3382
155	386	13.9609
155	428	14.7463
155	439	14.8894
155	440	14.6561
155	470	15.6297
155	474	15.5479
155	481	15.5486
155	487	15.632
156	17	11.9967
156	20	13.0464
156	70	13.1444
156	81	13.0646
156	136	12.9389
156	159	14.1638
156	199	13.886
156	214	13.9562
156	218	13.8776
156	236	14.9678
156	271	6.62963
156	306	17.1146
156	438	22.5956
157	212	7.61622
157	223	8.28741
157	268	9.35609
157	290	13.4406
157	357	12.7985
157	395	13.8123
157	398	13.5095
157	399	13.6216
157	435	14.6552
157	438	14.6554
157	441	14.656
157	442	14.657
157	452	14.6583
158	19	8.30847
158	225	11.2339
158	237	11.5997
158	240	10.7778
158	276	11.6538
158	291	12.5514
158	294	13.7966
158	316	12.7649
158	333	14.8864
158	338	14.8869
158	356	14.8879
158	360	14.8892
158	426	22.48
159	9	12.2096
159	17	12.2177
159	76	12.3046
159	87	16.232
159	119	13.1588
159	136	13.1599
159	156	14.1638
159	199	14.1069
159	214	14.1772
159	218	14.0986
159	219	0.467971
159	236	15.1887
159	306	17.3356
160	42	12.8555
160	49	14.3358
160	53	13.9098
160	63	12.8526
160	67	12.7287
160	77	12.7287
160	90	13.8341
160	94	13.833
160	128	13.8325
160	140	15.1357
160	200	16.0433
160	214	19.6
160	458	14.505
161	2	11.7185
161	12	11.9474
161	15	11.7215
161	30	11.7215
161	56	11.9442
161	60	11.7169
161	103	13.9865
161	116	12.7886
161	126	12.7867
161	138	13.9797
161	143	12.7848
161	173	14.995
161	358	15.7
162	39	12.3701
162	97	13.4593
162	129	13.6737
162	146	13.5434
162	152	13.6401
162	182	14.631
162	185	14.6208
162	197	14.6302
162	261	15.6691
162	262	4.23125
162	266	15.6691
162	281	16.7381
162	299	17.8168
162	496	18.5688
163	8	8.01575
163	22	10.0723
163	86	10.2003
163	224	11.1067
163	248	13.85
163	258	12.5252
163	271	13.95
163	302	13.8342
163	344	14.8857
163	372	14.8849
163	377	16.1135
163	383	16.9847
163	412	16.9854
163	417	16.9865
164	407	12.1092
164	421	12.8451
164	424	12.7614
164	446	12.8349
164	447	13.0514
164	455	22.8463
164	461	13.9581
164	471	13.9569
164	473	13.9516
164	479	14.4729
164	489	13.9564
164	493	14.473
164	496	13.9534
164	500	14.2769
165	44	10.9039
165	59	10.9019
165	104	12.0683
165	122	12.0662
165	134	12.3779
165	174	14.4003
165	192	13.2729
165	222	13.2709
165	244	15.4447
165	250	15.4441
165	255	15.4443
165	267	15.4451
165	290	15.4462
165	371	17.1824
166	11	9.82018
166	108	10.5121
166	184	11.8115
166	191	13.1663
166	231	12.8877
166	264	13.9883
166	279	13.7698
166	310	14.9173
166	312	15.0831
166	319	13.8624
166	322	14.7618
166	341	15.9842
166	365	15.9849
166	483	22.1939
167	34	12.8582
167	37	12.7126
167	45	12.6294
167	89	15.2293
167	144	13.8445
167	151	13.8097
167	171	14.957
167	181	14.9553
167	200	0.68125
167	202	16.2392
167	211	14.9539
167	262	17.1293
167	293	17.1302
167	412	18.1188
168	55	9.26416
168	271	15.8704
168	284	11.9328
168	286	13.1139
168	292	12.2585
168	335	15.0479
168	337	14.2495
168	340	14.2473
168	343	15.1674
168	346	15.0383
168	362	15.2757
168	403	16.3398
168	405	17.5858
168	413	16.3409
169	29	11.7183
169	58	13.2249
169	87	12.9588
169	124	12.9588
169	178	15.1856
169	193	14.0709
169	196	15.1799
169	232	16.2419
169	269	16.2411
169	272	16.2411
169	274	16.2418
169	288	16.243
169	360	17.658
169	462	14.4924
170	99	11.5017
170	113	11.4023
170	149	11.7861
170	190	13.7214
170	217	12.8177
170	233	13.7479
170	235	13.7458
170	239	13.7442
170	245	13.7431
170	256	14.823
170	275	13.7427
170	308	15.8894
170	312	16.8227
170	317	15.8905
171	7	11.9678
171	34	11.7677
171	37	11.6221
171	45	11.5389
171	89	14.1389
171	144	12.754
171	151	12.7193
171	167	14.957
171	181	13.8649
171	202	15.1488
171	211	13.8634
171	262	16.0389
171	269	12.6
171	293	16.0397
172	61	19.6
172	112	8.58368
172	209	10.1472
172	229	11.1013
172	300	13.0186
172	327	11.9804
172	361	13.1057
172	382	15.2843
172	394	14.3841
172	400	15.2113
172	414	14.3832
172	423	16.4647
172	425	16.4655
172	456	16.4665
173	2	13.9284
173	12	14.1573
173	15	13.9314
173	30	13.9314
173	56	14.1541
173	60	13.9268
173	70	10.2617
173	103	16.1964
173	116	14.9985
173	126	14.9966
173	138	16.1895
173	143	14.9947
173	161	14.995
173	357	1.06917
174	44	12.0257
174	59	12.0237
174	104	13.1901
174	122	13.188
174	165	14.4003
174	192	14.3947
174	222	14.3927
174	244	16.5665
174	250	16.5659
174	255	16.5661
174	267	16.5669
174	290	16.568
174	450	13.8974
174	481	18.2133
175	48	12.7895
175	92	13.7913
175	96	14.7673
175	106	13.6999
175	109	14.9489
175	110	13.6916
175	111	14.8483
175	120	14.8587
175	183	14.6603
175	195	15.7995
175	203	15.709
175	247	16.8361
175	287	8.46738
175	444	22.0048
176	18	11.2742
176	27	12.4676
176	57	12.234
176	71	12.2921
176	78	12.2333
176	83	14.4791
176	93	13.1463
176	123	14.162
176	125	14.4731
176	148	14.496
176	153	14.496
176	213	14.2295
176	277	16.4052
176	402	13.2354
177	16	8.08194
177	232	6.27969
177	294	18.1438
177	305	12.6315
177	336	12.5384
177	376	13.0789
177	385	14.5711
177	408	14.5446
177	418	15.2587
177	443	16.9577
177	450	16.3242
177	463	17.3734
177	465	17.374
177	490	17.7564
178	29	11.8368
178	32	12.0009
178	35	8.55
178	87	13.0774
178	124	13.0774
178	142	11.05
178	169	15.1856
178	193	14.1895
178	196	15.2985
178	232	16.3605
178	269	16.3597
178	272	16.3597
178	274	16.3604
178	288	16.3615
179	201	9.38129
179	234	22.5
179	310	2.30831
179	358	12.6534
179	386	14.3157
179	397	14.292
179	439	15.2442
179	440	15.011
179	470	15.9846
179	474	15.9027
179	478	15.9637
179	481	15.9035
179	486	15.9652
179	487	15.9869
180	23	9.62936
180	33	11.3367
180	41	9.75833
180	84	11.0689
180	133	11.1733
180	280	13.4278
180	285	14.4879
180	297	15.5903
180	320	15.5098
180	323	14.5309
180	351	16.6527
180	354	16.6536
180	374	18.7226
180	379	16.6548
181	7	11.9661
181	34	11.766
181	37	11.6204
181	45	11.5373
181	89	14.1372
181	144	12.7523
181	151	12.7176
181	167	14.9553
181	171	13.8649
181	202	15.1471
181	211	13.8618
181	218	19.6
181	262	16.0372
181	293	16.0381
182	10	11.7801
182	39	11.2851
182	97	12.3743
182	100	12.6778
182	129	12.5887
182	146	12.4584
182	162	14.631
182	185	13.5359
182	197	13.5453
182	233	22.5
182	261	14.5841
182	266	14.5841
182	281	15.6531
182	299	16.7318
183	48	11.5328
183	80	19.6
183	88	13.814
183	92	12.5345
183	96	13.5105
183	106	12.4431
183	109	13.6922
183	110	12.4348
183	111	13.5915
183	120	13.6019
183	175	14.6603
183	195	14.5427
183	203	14.4522
183	247	15.5794
184	11	9.64059
184	39	19.6
184	166	11.8115
184	191	12.9867
184	231	12.7081
184	243	13.5009
184	246	13.7763
184	264	13.8087
184	279	13.5902
184	312	14.9035
184	319	13.6828
184	322	14.5822
184	341	15.8046
184	365	15.8053
185	10	11.7699
185	39	11.2749
185	97	12.3641
185	100	12.6676
185	129	12.5785
185	152	12.5449
185	162	14.6208
185	182	13.5359
185	197	13.5351
185	261	14.5739
185	266	14.5739
185	274	20.4872
185	281	15.6429
185	299	16.7216
186	26	13.7568
186	43	13.7597
186	52	13.534
186	65	13.534
186	74	12.6026
186	82	14.6454
186	115	15.798
186	130	15.7952
186	131	14.6375
186	139	14.6361
186	204	16.8448
186	219	16.8455
186	356	4.24403
186	361	28.9
187	36	19.6
187	407	12.2352
187	410	11.2305
187	421	12.9711
187	446	12.961
187	447	13.1775
187	461	14.0842
187	471	14.083
187	473	14.0777
187	479	14.599
187	489	14.0825
187	493	14.5991
187	496	14.0795
187	500	14.4029
188	35	12.8185
188	47	12.7918
188	50	13.11
188	95	14.8624
188	98	13.886
188	147	13.8834
188	210	14.9405
188	216	14.9394
188	220	14.9389
188	226	16.0156
188	228	17.1147
188	283	17.1158
188	418	36.1
188	473	15.0819
189	36	9.89294
189	68	9.87209
189	85	12.0982
189	121	12.4864
189	205	12.2635
189	207	12.0438
189	248	14.9534
189	255	20.3848
189	309	15.6867
189	311	14.5873
189	315	14.5874
189	328	14.5881
189	363	16.7105
189	378	16.7118
190	99	12.6598
190	113	12.5605
190	149	12.9443
190	170	13.7214
190	212	19.6
190	233	14.9061
190	235	14.904
190	239	14.9023
190	245	14.9013
190	256	15.9812
190	275	14.9008
190	294	7.45625
190	308	17.0476
190	317	17.0486
191	11	10.9954
191	108	11.6874
191	166	13.1663
191	184	12.9867
191	243	14.8557
191	264	15.1635
191	310	16.0926
191	312	16.2584
191	319	15.0376
191	322	15.937
191	341	17.1594
191	365	17.1601
191	419	6.48848
191	470	15.428
192	44	10.8983
192	59	10.8963
192	104	12.0627
192	122	12.0606
192	134	12.3723
192	165	13.2729
192	174	14.3947
192	200	18.9188
192	222	13.2653
192	244	15.4391
192	250	15.4385
192	255	15.4387
192	267	15.4395
192	290	15.4406
193	29	10.7222
193	32	10.8862
193	58	12.2289
193	87	11.9627
193	124	11.9627
193	125	19.6
193	169	14.0709
193	178	14.1895
193	196	14.1839
193	232	15.2458
193	269	15.245
193	272	15.245
193	274	15.2457
193	288	15.2469
194	404	11.9383
194	424	19.1873
194	436	12.93
194	444	13.0202
194	457	12.8581
194	468	13.9901
194	472	13.9882
194	477	13.9867
194	480	13.9856
194	482	13.985
194	483	13.9849
194	491	13.9852
194	498	13.9859
194	499	13.9869
195	48	12.672
195	88	14.9532
195	96	14.6498
195	106	13.5823
195	109	14.8314
195	110	13.574
195	111	14.7307
195	120	14.7411
195	175	15.7995
195	183	14.5427
195	203	15.5915
195	247	16.7186
195	309	11.5707
195	381	5.97813
196	29	11.8312
196	32	11.9953
196	87	13.0718
196	110	15.1208
196	124	13.0718
196	169	15.1799
196	178	15.2985
196	193	14.1839
196	232	16.3548
196	269	16.3541
196	272	16.3541
196	274	16.3548
196	288	16.3559
196	447	5.36711
197	10	11.7793
197	39	11.2843
197	97	12.3735
197	100	12.677
197	146	12.4576
197	152	12.5543
197	162	14.6302
197	182	13.5453
197	185	13.5351
197	261	14.5833
197	266	14.5834
197	281	15.6523
197	299	16.731
197	490	20.2261
198	384	17.7535
198	389	9.77775
198	422	12.5842
198	451	12.5824
198	454	12.5807
198	458	14.6439
198	460	14.6428
198	467	11.8643
198	484	14.6409
198	485	14.641
198	488	14.6414
198	494	14.6422
198	495	14.6433
198	497	14.6446
199	9	11.9317
199	17	11.9399
199	20	12.9895
199	70	13.0875
199	81	13.0078
199	119	12.881
199	136	12.882
199	156	13.886
199	159	14.1069
199	214	13.8993
199	218	13.8207
199	236	14.9109
199	306	17.0577
199	496	21.4312
200	24	15.2427
200	42	13.7623
200	49	15.2425
200	53	14.8165
200	63	13.7594
200	67	13.6355
200	77	13.6355
200	90	14.7409
200	94	14.7397
200	128	14.7392
200	140	16.0425
200	160	16.0433
200	167	0.68125
200	192	18.9188
201	132	7.99208
201	155	9.02647
201	179	9.38129
201	380	12.5107
201	386	14.3143
201	397	14.2906
201	413	14.75
201	428	15.0998
201	439	15.2428
201	440	15.0096
201	474	15.9013
201	478	15.9623
201	481	15.9021
201	486	15.9638
202	7	13.25
202	34	13.05
202	37	12.9044
202	45	12.8212
202	112	17.6149
202	144	14.0363
202	151	14.0015
202	167	16.2392
202	171	15.1488
202	181	15.1471
202	211	15.1457
202	262	17.3211
202	293	17.322
202	405	1.36134
203	88	14.8627
203	92	13.5832
203	96	14.5592
203	106	13.4918
203	108	15.0914
203	109	14.7409
203	110	13.4835
203	111	14.6402
203	120	14.6506
203	175	15.709
203	183	14.4522
203	195	15.5915
203	247	16.6281
203	378	5.36572
204	26	13.757
204	29	14.0315
204	43	13.7599
204	52	13.5342
204	65	13.5342
204	74	12.6028
204	82	14.6455
204	83	5.56846
204	115	15.7982
204	130	15.7954
204	131	14.6377
204	139	14.6363
204	186	16.8448
204	219	16.8457
205	36	9.36937
205	85	11.5746
205	189	12.2635
205	207	11.5202
205	227	13.2716
205	248	14.4299
205	287	14.3523
205	309	15.1631
205	311	14.0637
205	315	14.0639
205	328	14.0645
205	363	16.1869
205	378	16.1882
205	391	24.566
206	8	8.08848
206	86	10.273
206	114	10.4012
206	224	11.1794
206	246	14.0686
206	258	12.5979
206	271	14.0227
206	273	12.712
206	344	14.9584
206	372	14.9576
206	377	16.1862
206	383	17.0574
206	412	17.0581
206	417	17.0592
207	70	19.6
207	85	11.3549
207	121	11.7431
207	189	12.0438
207	205	11.5202
207	227	13.052
207	248	14.2102
207	287	14.1326
207	309	14.9435
207	311	13.844
207	315	13.8442
207	328	13.8448
207	363	15.9673
207	378	15.9686
208	145	8.87924
208	231	22.5
208	251	9.97165
208	296	11.4344
208	324	11.4183
208	331	11.3282
