1	27	11.5968
1	32	11.5961
1	37	11.5941
1	45	11.5915
1	47	11.5886
1	52	11.586
1	58	11.584
1	62	11.5828
1	64	11.5825
1	71	11.5828
1	107	13.8336
1	229	15.257
2	168	11.2382
2	183	10.0972
2	191	13.6094
2	226	10.2588
2	240	11.2091
2	247	12.2612
2	255	11.2047
2	266	12.2449
2	273	11.2026
2	315	13.3486
2	316	13.3491
2	327	13.35
3	9	11.1885
3	10	11.1881
3	20	11.1862
3	23	11.1834
3	35	11.1804
3	68	11.1775
3	72	11.1753
3	74	11.1739
3	90	13.4233
3	101	13.4236
3	122	16.9
3	136	13.4244
4	29	10.1096
4	32	14.4
4	38	11.3549
4	78	11.1059
4	88	12.3512
4	97	11.0997
4	98	12.4562
4	121	11.0966
4	129	11.0957
4	135	12.4537
4	163	13.3054
4	192	13.3064
5	33	13.568
5	36	12.2108
5	43	13.5612
5	54	12.206
5	55	12.2036
5	59	13.5562
5	66	12.2006
5	69	13.5557
5	70	12.2008
5	93	14.4518
5	449	8.31621
5	494	15.5272
6	13	11.3219
6	14	10.273
6	46	10.273
6	84	11.4035
6	103	11.4013
6	116	11.3985
6	133	11.3931
6	144	11.3912
6	149	11.39
6	164	13.5987
6	171	13.599
6	205	13.5999
7	165	8.13739
7	201	8.03813
7	277	9.27501
7	365	11.5916
7	369	12.6679
7	378	11.5881
7	403	13.6872
7	409	13.6869
7	412	13.6871
7	413	13.6879
7	422	13.6889
7	495	20
8	19	10.2489
8	76	11.1803
8	86	11.1794
8	87	11.1773
8	104	11.1747
8	117	11.1718
8	124	11.1692
8	134	12.284
8	177	13.374
8	211	13.3738
8	212	13.3743
8	370	14.45
9	3	11.1885
9	10	11.1898
9	20	11.1879
9	23	11.1851
9	35	11.182
9	68	11.1792
9	72	11.1769
9	74	11.1755
9	90	13.425
9	101	13.4252
9	136	13.4261
9	235	22.5
10	3	11.1881
10	9	11.1898
10	20	11.1874
10	23	11.1847
10	35	11.1816
10	68	11.1788
10	72	11.1765
10	74	11.1751
10	90	13.4246
10	101	13.4248
10	136	13.4257
10	346	28.9
11	12	12.4785
11	13	13.8597
11	16	13.8597
11	17	12.4712
11	22	12.4659
11	25	12.4641
11	31	12.4631
11	57	12.4629
11	73	12.4634
11	114	14.7144
11	214	19.6
11	497	11.4549
12	11	12.4785
12	13	12.4781
12	16	12.4781
12	17	11.0897
12	18	12.4722
12	20	14.4
12	22	11.0844
12	25	11.0825
12	31	11.0815
12	57	11.0814
12	73	11.0819
12	114	13.3329
13	6	11.3219
13	11	13.8597
13	12	12.4781
13	17	12.4708
13	18	13.8534
13	22	12.4655
13	25	12.4637
13	31	12.4627
13	57	12.4625
13	73	12.463
13	114	14.714
13	177	7.85117
14	6	10.273
14	22	14.4
14	84	11.1806
14	103	11.1784
14	116	11.1756
14	131	12.3124
14	133	11.1702
14	144	11.1683
14	149	11.1671
14	164	13.3758
14	171	13.3761
14	205	13.377
15	156	10.4126
15	176	11.4416
15	220	10.4111
15	224	19.6
15	232	11.386
15	234	11.3835
15	244	11.381
15	248	11.3786
15	292	11.3744
15	332	13.5201
15	333	13.5203
15	342	13.5209
16	11	13.8597
16	12	12.4781
16	17	12.4708
16	18	13.8534
16	22	12.4655
16	25	12.4637
16	31	12.4627
16	49	14.4
16	57	12.4625
16	73	12.463
16	114	14.714
16	257	0.105208
17	11	12.4712
17	12	11.0897
17	13	12.4708
17	16	12.4708
17	18	12.4649
17	22	11.077
17	25	11.0752
17	31	11.0742
17	57	11.074
17	73	11.0746
17	114	13.3256
17	225	12.6841
18	12	12.4722
18	13	13.8534
18	16	13.8534
18	17	12.4649
18	22	12.4596
18	25	12.4578
18	31	12.4568
18	57	12.4566
18	73	12.4571
18	114	14.7081
18	148	13.107
18	289	1.40113
19	8	10.2489
19	76	11.1831
19	86	11.1822
19	87	11.1801
19	97	16.9
19	104	11.1774
19	117	11.1746
19	124	11.172
19	137	12.2851
19	177	13.3767
19	211	13.3766
19	212	13.3771
20	3	11.1862
20	9	11.1879
20	10	11.1874
20	12	14.4
20	23	11.1827
20	35	11.1797
20	68	11.1768
20	72	11.1746
20	74	11.1732
20	90	13.4226
20	101	13.4229
20	136	13.4237
21	33	13.568
21	36	12.2108
21	43	13.5612
21	46	14.4
21	54	12.206
21	55	12.2036
21	59	13.5562
21	66	12.2006
21	69	13.5557
21	70	12.2008
21	93	14.4518
21	128	1.72702
22	11	12.4659
22	12	11.0844
22	13	12.4655
22	14	14.4
22	16	12.4655
22	17	11.077
22	18	12.4596
22	25	11.0699
22	31	11.0689
22	57	11.0687
22	73	11.0692
22	114	13.3202
23	3	11.1834
23	9	11.1851
23	10	11.1847
23	20	11.1827
23	35	11.1769
23	68	11.1741
23	72	11.1718
23	74	11.1704
23	90	13.4199
23	101	13.4201
23	136	13.421
23	427	16.127
24	28	10.7434
24	30	10.7425
24	41	10.74
24	48	10.7366
24	61	12.0707
24	63	10.7309
24	65	12.0678
24	80	12.9769
24	108	12.9766
24	109	12.9771
24	148	12.9781
24	302	3.8
25	11	12.4641
25	12	11.0825
25	13	12.4637
25	16	12.4637
25	17	11.0752
25	18	12.4578
25	22	11.0699
25	31	11.0671
25	57	11.0669
25	73	11.0674
25	114	13.3184
25	313	15.252
26	40	8.85934
26	94	9.81805
26	95	11.1325
26	96	11.1297
26	111	10.9031
26	120	9.80999
26	126	9.8073
26	145	11.1212
26	147	11.1197
26	170	12.0117
26	173	12.0119
26	182	12.0126
27	1	11.5968
27	32	11.5974
27	37	11.5954
27	45	11.5927
27	47	11.5898
27	52	11.5873
27	58	11.5853
27	62	11.5841
27	64	11.5837
27	71	11.584
27	107	13.8349
27	268	15.6759
28	24	10.7434
28	30	10.7437
28	41	10.7412
28	48	10.7379
28	61	12.072
28	63	10.7321
28	65	12.0691
28	80	12.9782
28	108	12.9778
28	109	12.9783
28	110	16.9
28	148	12.9793
29	4	10.1096
29	49	10.1083
29	78	11.2449
29	88	12.4902
29	97	11.2388
29	98	12.5953
29	121	11.2357
29	129	11.2348
29	135	12.5928
29	159	19.6
29	163	13.4444
29	192	13.4455
30	24	10.7425
30	28	10.7437
30	41	10.7403
30	48	10.737
30	61	12.071
30	63	10.7312
30	65	12.0682
30	80	12.9773
30	108	12.9769
30	109	12.9774
30	148	12.9784
30	183	19.6
31	11	12.4631
31	12	11.0815
31	13	12.4627
31	16	12.4627
31	17	11.0742
31	18	12.4568
31	22	11.0689
31	25	11.0671
31	57	11.0659
31	73	11.0664
31	114	13.3174
31	424	19.1789
32	1	11.5961
32	4	14.4
32	27	11.5974
32	37	11.5948
32	45	11.5921
32	47	11.5892
32	52	11.5866
32	58	11.5846
32	62	11.5834
32	64	11.5831
32	71	11.5834
32	107	13.8342
33	5	13.568
33	21	13.568
33	36	12.2085
33	43	13.5589
33	54	12.2037
33	55	12.2013
33	59	13.5539
33	66	12.1983
33	70	12.1985
33	93	14.4495
33	105	16.9
33	291	22.5
34	75	11.1977
34	85	11.1982
34	99	11.197
34	102	11.1949
34	113	11.1922
34	119	11.1893
34	125	11.1868
34	141	11.1848
34	197	13.3921
34	204	13.3921
34	219	13.3927
34	463	19.383
35	3	11.1804
35	9	11.182
35	10	11.1816
35	20	11.1797
35	23	11.1769
35	68	11.171
35	72	11.1688
35	74	11.1673
35	90	13.4168
35	101	13.4171
35	136	13.4179
35	246	15.4422
36	5	12.2108
36	21	12.2108
36	33	12.2085
36	43	12.2016
36	54	10.8464
36	55	10.8441
36	59	12.1967
36	66	10.8411
36	69	12.1961
36	70	10.8413
36	93	13.0923
36	330	11.9287
37	1	11.5941
37	27	11.5954
37	32	11.5948
37	45	11.5901
37	47	11.5872
37	52	11.5847
37	58	11.5827
37	62	11.5815
37	64	11.5811
37	71	11.5814
37	107	13.8323
37	499	21.5978
38	4	11.3549
38	49	11.3536
38	78	12.4902
38	81	16.9
38	82	16.9
38	97	12.4841
38	98	13.8406
38	121	12.481
38	129	12.4801
38	135	13.8381
38	163	14.6897
38	192	14.6908
39	60	10.0262
39	67	10.0262
39	77	11.158
39	112	11.155
39	122	11.1522
39	128	12.5129
39	130	11.1493
39	142	12.5114
39	189	13.3577
39	203	13.3585
39	218	13.3597
39	306	12.9987
40	26	8.85934
40	94	10.9068
40	95	12.2213
40	96	12.2185
40	120	10.8988
40	126	10.8961
40	145	12.21
40	147	12.2085
40	170	13.1005
40	173	13.1007
40	182	13.1014
40	441	21.1621
41	24	10.74
41	28	10.7412
41	30	10.7403
41	48	10.7345
41	61	12.0686
41	63	10.7287
41	65	12.0657
41	80	12.9748
41	108	12.9744
41	109	12.9749
41	148	12.9759
41	370	14.45
42	60	10.0262
42	67	10.0262
42	77	11.158
42	112	11.155
42	122	11.1522
42	128	12.5129
42	130	11.1493
42	136	4.4
42	142	12.5114
42	189	13.3577
42	203	13.3585
42	218	13.3597
43	5	13.5612
43	21	13.5612
43	33	13.5589
43	36	12.2016
43	54	12.1968
43	55	12.1945
43	66	12.1915
43	69	13.5465
43	70	12.1917
43	84	16.9
43	93	14.4427
43	278	0.162771
44	91	10.5292
44	213	11.4226
44	226	11.7074
44	240	12.6577
44	255	12.6532
44	266	13.6935
44	273	12.6511
44	315	14.7972
44	316	14.7977
44	327	14.7986
44	332	5.79805
44	382	14.8553
45	1	11.5915
45	27	11.5927
45	32	11.5921
45	37	11.5901
45	47	11.5846
45	52	11.582
45	58	11.58
45	62	11.5788
45	64	11.5784
45	71	11.5787
45	107	13.8296
45	352	16.8063
46	6	10.273
46	21	14.4
46	84	11.1806
46	103	11.1784
46	116	11.1756
46	131	12.3124
46	133	11.1702
46	144	11.1683
46	149	11.1671
46	164	13.3758
46	171	13.3761
46	205	13.377
47	1	11.5886
47	27	11.5898
47	32	11.5892
47	37	11.5872
47	45	11.5846
47	52	11.5791
47	58	11.5771
47	61	11.4588
47	62	11.5759
47	64	11.5755
47	71	11.5759
47	107	13.8267
48	24	10.7366
48	28	10.7379
48	30	10.737
48	41	10.7345
48	61	12.0652
48	63	10.7254
48	65	12.0623
48	80	12.9714
48	108	12.9711
48	109	12.9716
48	129	16.9
48	148	12.9726
49	16	14.4
49	29	10.1083
49	38	11.3536
49	78	11.1046
49	88	12.3499
49	97	11.0985
49	98	12.455
49	121	11.0953
49	129	11.0945
49	135	12.4525
49	163	13.3041
49	192	13.3052
50	167	9.89074
50	185	5.75
50	241	10.0842
50	251	10.0842
50	289	11.3929
50	307	11.0913
50	320	12.0482
50	326	12.3208
50	345	13.2095
50	348	13.2098
50	382	13.2105
50	395	13.2116
51	79	8.02467
51	198	8.75645
51	208	8.38098
51	270	9.59663
51	397	15.4746
51	405	13.295
51	417	13.3472
51	423	12.0422
51	453	14.2892
51	457	13.3598
51	458	13.2885
51	494	15.3769
52	1	11.586
52	27	11.5873
52	32	11.5866
52	37	11.5847
52	45	11.582
52	47	11.5791
52	58	11.5745
52	62	11.5733
52	64	11.573
52	71	11.5733
52	94	16.9
52	107	13.8241
53	231	9.92965
53	276	9.843
53	310	11.7232
53	350	11.7613
53	358	11.7594
53	366	11.7578
53	368	11.7557
53	375	12.7621
53	381	11.7556
53	394	12.8571
53	404	13.8571
53	431	16.2199
54	5	12.206
54	21	12.206
54	33	12.2037
54	36	10.8464
54	43	12.1968
54	55	10.8393
54	59	12.1919
54	66	10.8363
54	69	12.1913
54	70	10.8365
54	93	13.0875
54	447	16.6008
55	5	12.2036
55	21	12.2036
55	33	12.2013
55	36	10.8441
55	43	12.1945
55	54	10.8393
55	59	12.1895
55	66	10.8339
55	69	12.189
55	70	10.8342
55	93	13.0851
55	128	15.173
56	81	10.5999
56	82	10.6
56	106	10.5984
56	114	12.0135
56	118	10.5958
56	132	10.5927
56	150	12.7987
56	188	12.796
56	190	12.7939
56	191	12.7926
56	194	12.7922
56	225	12.7937
57	11	12.4629
57	12	11.0814
57	13	12.4625
57	16	12.4625
57	17	11.074
57	18	12.4566
57	22	11.0687
57	25	11.0669
57	31	11.0659
57	73	11.0662
57	114	13.3172
57	475	22.0881
58	1	11.584
58	27	11.5853
58	32	11.5846
58	37	11.5827
58	45	11.58
58	47	11.5771
58	52	11.5745
58	62	11.5714
58	64	11.571
58	71	11.5713
58	107	13.8222
58	481	21.6002
59	5	13.5562
59	21	13.5562
59	33	13.5539
59	36	12.1967
59	54	12.1919
59	55	12.1895
59	66	12.1865
59	69	13.5416
59	70	12.1868
59	93	14.4377
59	314	2.8196
59	426	13.2611
60	39	10.0262
60	42	10.0262
60	77	11.1519
60	112	11.1489
60	122	11.1461
60	128	12.5068
60	130	11.1432
60	142	12.5052
60	189	13.3516
60	203	13.3524
60	218	13.3536
60	460	17.943
61	24	12.0707
61	28	12.072
61	30	12.071
61	41	12.0686
61	47	11.4588
61	48	12.0652
61	63	12.0594
61	80	14.3055
61	108	14.3052
61	109	14.3056
61	148	14.3067
61	285	4.69035
62	1	11.5828
62	27	11.5841
62	32	11.5834
62	37	11.5815
62	45	11.5788
62	47	11.5759
62	52	11.5733
62	58	11.5714
62	64	11.5698
62	71	11.5701
62	107	13.821
62	154	19.6
63	24	10.7309
63	28	10.7321
63	30	10.7312
63	41	10.7287
63	48	10.7254
63	61	12.0594
63	65	12.0566
63	80	12.9657
63	108	12.9653
63	109	12.9658
63	148	12.9668
63	495	20
64	1	11.5825
64	27	11.5837
64	32	11.5831
64	37	11.5811
64	45	11.5784
64	47	11.5755
64	52	11.573
64	58	11.571
64	62	11.5698
64	71	11.5697
64	107	13.8206
64	116	16.9
65	24	12.0678
65	28	12.0691
65	30	12.0682
65	41	12.0657
65	48	12.0623
65	63	12.0566
65	80	14.3026
65	108	14.3023
65	109	14.3028
65	133	16.9
65	148	14.3038
65	338	25.6
66	5	12.2006
66	21	12.2006
66	33	12.1983
66	36	10.8411
66	43	12.1915
66	54	10.8363
66	55	10.8339
66	59	12.1865
66	69	12.186
66	70	10.8311
66	93	13.0821
66	108	4.4
67	39	10.0262
67	42	10.0262
67	77	11.1519
67	112	11.1489
67	122	11.1461
67	128	12.5068
67	130	11.1432
67	142	12.5052
67	189	13.3516
67	203	13.3524
67	218	13.3536
67	471	18.5869
68	3	11.1775
68	9	11.1792
68	10	11.1788
68	20	11.1768
68	23	11.1741
68	35	11.171
68	72	11.1659
68	74	11.1645
68	79	2.85
68	90	13.414
68	101	13.4142
68	136	13.4151
69	5	13.5557
69	21	13.5557
69	36	12.1961
69	43	13.5465
69	54	12.1913
69	55	12.189
69	59	13.5416
69	66	12.186
69	70	12.1862
69	93	14.4372
69	150	0.175749
69	298	16.0994
70	5	12.2008
70	21	12.2008
70	33	12.1985
70	36	10.8413
70	43	12.1917
70	54	10.8365
70	55	10.8342
70	59	12.1868
70	66	10.8311
70	69	12.1862
70	93	13.0823
70	433	17.6514
71	1	11.5828
71	27	11.584
71	32	11.5834
71	37	11.5814
71	45	11.5787
71	47	11.5759
71	52	11.5733
71	58	11.5713
71	62	11.5701
71	64	11.5697
71	107	13.8209
71	492	11.3586
72	3	11.1753
72	9	11.1769
72	10	11.1765
72	20	11.1746
72	23	11.1718
72	35	11.1688
72	68	11.1659
72	74	11.1622
72	90	13.4117
72	96	13.5088
72	101	13.412
72	136	13.4128
73	11	12.4634
73	12	11.0819
73	13	12.463
73	16	12.463
73	17	11.0746
73	18	12.4571
73	22	11.0692
73	25	11.0674
73	31	11.0664
73	57	11.0662
73	76	16.9
73	114	13.3178
74	3	11.1739
74	9	11.1755
74	10	11.1751
74	20	11.1732
74	23	11.1704
74	35	11.1673
74	68	11.1645
74	72	11.1622
74	90	13.4103
74	101	13.4106
74	136	13.4114
74	179	4.2
75	34	11.1977
75	85	12.1287
75	99	12.1276
75	102	12.1254
75	113	12.1227
75	119	12.1199
75	125	12.1173
75	141	12.1153
75	146	13.2326
75	197	14.3226
75	204	14.3226
75	219	14.3232
75	490	22.617
76	8	11.1803
76	19	11.1831
76	73	16.9
76	86	12.1136
76	87	12.1115
76	104	12.1088
76	117	12.106
76	124	12.1033
76	134	13.2182
76	137	13.2165
76	177	14.3081
76	211	14.308
76	212	14.3085
77	39	11.158
77	42	11.158
77	60	11.1519
77	67	11.1519
77	112	12.2807
77	122	12.2779
77	128	13.6385
77	130	12.275
77	142	13.637
77	189	14.4834
77	203	14.4841
77	218	14.4854
77	264	17.8105
78	4	11.1059
78	29	11.2449
78	38	12.4902
78	49	11.1046
78	88	13.4865
78	97	12.2351
78	98	13.5916
78	121	12.232
78	129	12.2311
78	135	13.5891
78	163	14.4407
78	192	14.4418
78	446	17.3553
79	51	8.02467
79	68	2.85
79	123	8.49794
79	198	11.1616
79	208	10.7862
79	303	25.6
79	417	15.7524
79	423	14.4473
79	453	16.6943
79	457	15.765
79	458	15.6937
79	475	17.5967
79	494	17.7821
80	24	12.9769
80	28	12.9782
80	30	12.9773
80	41	12.9748
80	48	12.9714
80	61	14.3055
80	63	12.9657
80	65	14.3026
80	108	15.2114
80	109	15.2119
80	148	15.2129
80	203	13.1584
80	288	3.82672
81	38	16.9
81	56	10.5999
81	82	11.3675
81	106	11.366
81	118	11.3634
81	132	11.3602
81	150	13.5662
81	188	13.5635
81	190	13.5614
81	191	13.5602
81	194	13.5598
81	222	14.8398
81	225	13.5612
82	38	16.9
82	56	10.6
82	81	11.3675
82	106	11.366
82	118	11.3634
82	132	11.3603
82	150	13.5663
82	188	13.5635
82	190	13.5614
82	191	13.5602
82	194	13.5598
82	222	14.8398
82	225	13.5612
83	127	8.88627
83	241	11.1374
83	251	11.1374
83	289	12.4461
83	306	12.9998
83	307	12.1445
83	320	13.1014
83	326	13.374
83	345	14.2627
83	348	14.263
83	349	12.9978
83	382	14.2637
83	395	14.2648
84	6	11.4035
84	14	11.1806
84	43	16.9
84	46	11.1806
84	103	12.3088
84	116	12.3061
84	131	13.4429
84	133	12.3007
84	144	12.2988
84	149	12.2976
84	164	14.5063
84	171	14.5066
84	205	14.5075
85	34	11.1982
85	75	12.1287
85	99	12.128
85	102	12.1258
85	113	12.1231
85	119	12.1203
85	125	12.1177
85	141	12.1157
85	146	13.233
85	197	14.323
85	204	14.3231
85	219	14.3236
85	233	22.5
86	8	11.1794
86	19	11.1822
86	76	12.1136
86	87	12.1106
86	104	12.1079
86	117	12.1051
86	124	12.1024
86	134	13.2173
86	137	13.2156
86	146	12.0094
86	177	14.3072
86	211	14.3071
86	212	14.3076
87	8	11.1773
87	19	11.1801
87	76	12.1115
87	86	12.1106
87	104	12.1059
87	117	12.103
87	124	12.1004
87	134	13.2152
87	137	13.2135
87	177	14.3052
87	211	14.3051
87	212	14.3055
87	259	11.6617
88	4	12.3512
88	29	12.4902
88	49	12.3499
88	78	13.4865
88	97	13.4804
88	98	14.8369
88	121	13.4773
88	129	13.4764
88	135	14.8344
88	163	15.686
88	192	15.6871
88	331	25.6
88	396	5.30166
89	260	22.5
89	329	9.50558
89	391	10.8162
89	430	10.6675
89	440	13.0761
89	447	13.1227
89	451	13.0553
89	456	12.9723
89	470	12.9446
89	471	14.0191
89	479	14.0195
89	485	14.0202
89	489	14.0212
90	3	13.4233
90	9	13.425
90	10	13.4246
90	20	13.4226
90	23	13.4199
90	35	13.4168
90	68	13.414
90	72	13.4117
90	74	13.4103
90	101	15.66
90	136	15.6609
90	466	10.4455
90	481	18.3998
91	44	10.5292
91	168	12.534
91	183	11.393
91	213	11.2698
91	226	11.5545
91	240	12.5049
91	247	13.557
91	255	12.5004
91	273	12.4983
91	315	14.6444
91	316	14.6449
91	321	17.8667
91	327	14.6458
92	143	10.5885
92	169	10.5011
92	178	19.6
92	239	11.4779
92	252	11.4768
92	262	11.4056
92	295	11.3932
92	322	13.5437
92	340	13.4413
92	349	14.6054
92	351	14.605
92	361	14.6052
92	379	14.6058
93	5	14.4518
93	21	14.4518
93	33	14.4495
93	36	13.0923
93	43	14.4427
93	54	13.0875
93	55	13.0851
93	59	14.4377
93	66	13.0821
93	69	14.4372
93	70	13.0823
93	273	22.5
93	432	36.1
94	26	9.81805
94	40	10.9068
94	52	16.9
94	95	13.18
94	96	13.1772
94	111	12.9506
94	120	11.8575
94	126	11.8548
94	145	13.1687
94	147	13.1672
94	170	14.0592
94	173	14.0594
94	182	14.0601
95	26	11.1325
95	40	12.2213
95	94	13.18
95	96	14.4917
95	111	14.2651
95	120	13.172
95	126	13.1693
95	145	14.4831
95	170	15.3737
95	173	15.3739
95	182	15.3746
95	229	7.24301
95	400	32.4
96	26	11.1297
96	40	12.2185
96	72	13.5088
96	94	13.1772
96	95	14.4917
96	111	14.2623
96	120	13.1692
96	126	13.1665
96	147	14.4789
96	148	3.79302
96	170	15.3709
96	173	15.3711
96	182	15.3718
97	4	11.0997
97	19	16.9
97	29	11.2388
97	38	12.4841
97	49	11.0985
97	78	12.2351
97	88	13.4804
97	98	13.5854
97	121	12.2258
97	129	12.2249
97	135	13.583
97	163	14.4346
97	192	14.4357
98	4	12.4562
98	29	12.5953
98	38	13.8406
98	49	12.455
98	78	13.5916
98	88	14.8369
98	97	13.5854
98	121	13.5823
98	129	13.5815
98	163	15.7911
98	192	15.7922
98	452	18.502
98	493	7.4709
99	34	11.197
99	75	12.1276
99	85	12.128
99	102	12.1247
99	113	12.122
99	119	12.1192
99	125	12.1166
99	141	12.1146
99	146	13.2319
99	170	15.4066
99	197	14.3219
99	204	14.3219
99	219	14.3225
100	181	11.8291
100	195	10.8341
100	216	10.8313
100	233	11.8366
100	246	13.0045
100	265	13.098
100	281	13.098
100	293	11.8279
100	302	13.9735
100	317	13.9736
100	319	25.6
100	330	13.9742
100	337	13.9752
101	3	13.4236
101	9	13.4252
101	10	13.4248
101	20	13.4229
101	23	13.4201
101	35	13.4171
101	68	13.4142
101	72	13.412
101	74	13.4106
101	90	15.66
101	136	15.6611
101	422	11.1715
101	444	14.1762
102	34	11.1949
102	75	12.1254
102	85	12.1258
102	99	12.1247
102	113	12.1198
102	119	12.117
102	125	12.1144
102	141	12.1124
102	146	13.2297
102	197	14.3198
102	204	14.3198
102	219	14.3203
102	317	11.45
103	6	11.4013
103	14	11.1784
103	46	11.1784
103	84	12.3088
103	116	12.3038
103	131	13.4406
103	133	12.2984
103	144	12.2965
103	149	12.2953
103	164	14.504
103	171	14.5044
103	205	14.5052
103	307	25.6
104	8	11.1747
104	19	11.1774
104	76	12.1088
104	86	12.1079
104	87	12.1059
104	117	12.1003
104	124	12.0977
104	134	13.2125
104	137	13.2109
104	143	7.1
104	177	14.3025
104	211	14.3024
104	212	14.3028
105	33	16.9
105	184	8.12156
105	198	9.26766
105	208	8.89219
105	324	11.7128
105	405	13.8062
105	417	13.8584
105	423	12.5534
105	453	14.8004
105	457	13.871
105	458	13.7997
105	475	15.7027
105	494	15.8881
106	56	10.5984
106	81	11.366
106	82	11.366
106	118	11.3619
106	132	11.3587
106	150	13.5647
106	188	13.562
106	190	13.5599
106	191	13.5587
106	194	13.5583
106	222	14.8383
106	225	13.5597
106	399	13.4
107	1	13.8336
107	27	13.8349
107	32	13.8342
107	37	13.8323
107	45	13.8296
107	47	13.8267
107	52	13.8241
107	58	13.8222
107	62	13.821
107	64	13.8206
107	71	13.8209
107	221	19.6
107	394	5.40586
108	24	12.9766
108	28	12.9778
108	30	12.9769
108	41	12.9744
108	48	12.9711
108	61	14.3052
108	63	12.9653
108	65	14.3023
108	66	4.4
108	80	15.2114
108	109	15.2115
108	148	15.2125
108	276	22.5
109	24	12.9771
109	28	12.9783
109	30	12.9774
109	41	12.9749
109	48	12.9716
109	61	14.3056
109	63	12.9658
109	65	14.3028
109	80	15.2119
109	108	15.2115
109	148	15.213
109	181	1.79541
109	271	13.845
110	28	16.9
110	115	11.052
110	139	11.0529
110	153	12.1549
110	158	12.1523
110	159	12.1495
110	196	12.1469
110	199	12.1447
110	200	12.1431
110	257	14.3172
110	271	14.3169
110	275	14.3174
110	284	14.3182
111	26	10.9031
111	94	12.9506
111	95	14.2651
111	96	14.2623
111	120	12.9426
111	126	12.9399
111	145	14.2537
111	147	14.2523
111	170	15.1443
111	173	15.1445
111	182	15.1452
111	252	22.5
111	335	25.6
112	39	11.155
112	42	11.155
112	60	11.1489
112	67	11.1489
112	77	12.2807
112	122	12.2749
112	128	13.6356
112	130	12.272
112	142	13.634
112	189	14.4804
112	203	14.4812
112	218	14.4824
112	496	17.0703
113	34	11.1922
113	75	12.1227
113	85	12.1231
113	99	12.122
113	102	12.1198
113	119	12.1143
113	125	12.1117
113	141	12.1097
113	146	13.227
113	197	14.317
113	204	14.3171
113	219	14.3176
113	363	28.9
114	11	14.7144
114	12	13.3329
114	13	14.714
114	16	14.714
114	17	13.3256
114	18	14.7081
114	22	13.3202
114	25	13.3184
114	31	13.3174
114	56	12.0135
114	57	13.3172
114	73	13.3178
114	298	6.40059
115	110	11.052
115	138	11.053
115	153	12.1537
115	158	12.1511
115	159	12.1483
115	196	12.1457
115	199	12.1435
115	200	12.1419
115	257	14.316
115	271	14.3158
115	275	14.3162
115	284	14.317
115	369	13.1
116	6	11.3985
116	14	11.1756
116	46	11.1756
116	64	16.9
116	84	12.3061
116	103	12.3038
116	131	13.4379
116	133	12.2957
116	144	12.2937
116	149	12.2926
116	164	14.5013
116	171	14.5016
116	205	14.5025
117	8	11.1718
117	19	11.1746
117	76	12.106
117	86	12.1051
117	87	12.103
117	104	12.1003
117	124	12.0949
117	134	13.2097
117	137	13.208
117	177	14.2996
117	211	14.2995
117	212	14.3
117	379	13.7027
118	56	10.5958
118	81	11.3634
118	82	11.3634
118	106	11.3619
118	132	11.3561
118	150	13.5621
118	188	13.5594
118	190	13.5573
118	191	13.556
118	194	13.5557
118	222	14.8357
118	225	13.5571
118	347	14.3375
119	34	11.1893
119	75	12.1199
119	85	12.1203
119	99	12.1192
119	102	12.117
119	113	12.1143
119	125	12.1089
119	141	12.1069
119	146	13.2242
119	149	16.9
119	197	14.3142
119	204	14.3142
119	219	14.3148
120	26	9.80999
120	40	10.8988
120	94	11.8575
120	95	13.172
120	96	13.1692
120	111	12.9426
120	126	11.8467
120	145	13.1606
120	147	13.1592
120	165	19.6
120	170	14.0512
120	173	14.0513
120	182	14.0521
121	4	11.0966
121	29	11.2357
121	38	12.481
121	49	11.0953
121	78	12.232
121	88	13.4773
121	97	12.2258
121	98	13.5823
121	129	12.2218
121	135	13.5798
121	163	14.4315
121	192	14.4326
121	332	19.802
122	3	16.9
122	39	11.1522
122	42	11.1522
122	60	11.1461
122	67	11.1461
122	77	12.2779
122	112	12.2749
122	128	13.6327
122	130	12.2692
122	142	13.6312
122	189	14.4776
122	203	14.4783
122	218	14.4796
123	79	8.49794
123	187	8.43997
123	270	10.0699
123	324	11.6748
123	372	12.1178
123	374	18.7502
123	405	13.7683
123	417	13.8205
123	453	14.7624
123	457	13.8331
123	458	13.7618
123	475	15.6647
123	494	15.8502
124	8	11.1692
124	19	11.172
124	76	12.1033
124	86	12.1024
124	87	12.1004
124	104	12.0977
124	117	12.0949
124	134	13.207
124	137	13.2054
124	177	14.297
124	211	14.2969
124	212	14.2973
124	444	21.9238
125	34	11.1868
125	75	12.1173
125	85	12.1177
125	99	12.1166
125	102	12.1144
125	113	12.1117
125	119	12.1089
125	141	12.1043
125	146	13.2216
125	197	14.3117
125	204	14.3117
125	219	14.3122
125	230	15.5718
126	26	9.8073
126	40	10.8961
126	94	11.8548
126	95	13.1693
126	96	13.1665
126	111	12.9399
126	120	11.8467
126	145	13.1579
126	147	13.1565
126	170	14.0485
126	173	14.0486
126	182	14.0494
126	244	22.5
127	83	8.88627
127	227	9.91382
127	241	11.4565
127	251	11.4565
127	289	12.7651
127	306	13.3189
127	307	12.4635
127	326	13.693
127	345	14.5817
127	348	14.582
127	382	14.5827
127	395	14.5839
127	480	18.5875
128	21	1.72702
128	39	12.5129
128	42	12.5129
128	55	15.173
128	60	12.5068
128	67	12.5068
128	77	13.6385
128	112	13.6356
128	122	13.6327
128	130	13.6298
128	189	15.8382
128	203	15.839
128	218	15.8402
129	4	11.0957
129	29	11.2348
129	38	12.4801
129	48	16.9
129	49	11.0945
129	78	12.2311
129	88	13.4764
129	97	12.2249
129	98	13.5815
129	121	12.2218
129	135	13.579
129	163	14.4306
129	192	14.4317
130	39	11.1493
130	42	11.1493
130	60	11.1432
130	67	11.1432
130	77	12.275
130	112	12.272
130	122	12.2692
130	128	13.6298
130	142	13.6283
130	189	14.4746
130	203	14.4754
130	218	14.4766
130	440	18.05
131	14	12.3124
131	46	12.3124
131	84	13.4429
131	103	13.4406
131	116	13.4379
131	133	13.4325
131	144	13.4305
131	149	13.4293
131	164	15.638
131	171	15.6384
131	205	15.6392
131	304	11.3238
131	318	5.50597
132	56	10.5927
132	81	11.3602
132	82	11.3603
132	106	11.3587
132	118	11.3561
132	150	13.559
132	188	13.5563
132	190	13.5542
132	191	13.5529
132	194	13.5525
132	222	14.8326
132	225	13.554
132	416	13.4
133	6	11.3931
133	14	11.1702
133	46	11.1702
133	65	16.9
133	84	12.3007
133	103	12.2984
133	116	12.2957
133	131	13.4325
133	144	12.2884
133	149	12.2872
133	164	14.4959
133	171	14.4962
133	205	14.4971
134	8	12.284
134	76	13.2182
134	86	13.2173
134	87	13.2152
134	104	13.2125
134	117	13.2097
134	124	13.207
134	137	14.3202
134	177	15.4118
134	193	19.6
134	206	19.6
134	211	15.4117
134	212	15.4122
135	4	12.4537
135	29	12.5928
135	38	13.8381
135	49	12.4525
135	78	13.5891
135	88	14.8344
135	97	13.583
135	121	13.5798
135	129	13.579
135	163	15.7886
135	171	0.274545
135	172	19.6
135	192	15.7897
136	3	13.4244
136	9	13.4261
136	10	13.4257
136	20	13.4237
136	23	13.421
136	35	13.4179
136	42	4.4
136	68	13.4151
136	72	13.4128
136	74	13.4114
136	90	15.6609
136	101	15.6611
136	295	22.5
137	19	12.2851
137	76	13.2165
137	86	13.2156
137	87	13.2135
137	104	13.2109
137	117	13.208
137	124	13.2054
137	134	14.3202
137	177	15.4102
137	186	4.9942
137	211	15.41
137	212	15.4105
137	266	8.45567
138	115	11.053
138	139	11.0538
138	153	12.1558
138	158	12.1532
138	159	12.1504
138	196	12.1478
138	199	12.1456
138	200	12.144
138	257	14.3181
138	271	14.3179
138	275	14.3183
138	284	14.3192
138	440	18.05
139	110	11.0529
139	138	11.0538
139	153	12.1545
139	158	12.1519
139	159	12.1492
139	196	12.1465
139	199	12.1443
139	200	12.1427
139	257	14.3168
139	271	14.3166
139	275	14.317
139	284	14.3179
139	324	16.076
140	169	10.4484
140	239	11.4252
140	250	12.3089
140	252	11.4241
140	262	11.353
140	268	12.2929
140	295	11.3405
140	322	13.491
140	339	25.6
140	349	14.5527
140	351	14.5523
140	361	14.5525
140	379	14.5531
141	34	11.1848
141	75	12.1153
141	85	12.1157
141	99	12.1146
141	102	12.1124
141	113	12.1097
141	119	12.1069
141	125	12.1043
141	146	13.2196
141	186	14.6058
141	197	14.3096
141	204	14.3097
141	219	14.3102
142	39	12.5114
142	42	12.5114
142	60	12.5052
142	67	12.5052
142	77	13.637
142	112	13.634
142	122	13.6312
142	130	13.6283
142	189	15.8367
142	203	15.8375
142	218	15.8387
142	253	2.77068
142	487	15.166
143	92	10.5885
143	104	7.1
143	169	11.7599
143	202	19.6
143	239	12.7367
143	252	12.7356
143	268	13.6044
143	295	12.652
143	340	14.7001
143	349	15.8642
143	351	15.8638
143	361	15.864
143	379	15.8646
144	6	11.3912
144	14	11.1683
144	46	11.1683
144	84	12.2988
144	103	12.2965
144	116	12.2937
144	131	13.4305
144	133	12.2884
144	149	12.2852
144	164	14.4939
144	171	14.4943
144	184	19.6
144	205	14.4951
145	26	11.1212
145	40	12.21
145	94	13.1687
145	95	14.4831
145	111	14.2537
145	120	13.1606
145	126	13.1579
145	147	14.4703
145	170	15.3623
145	173	15.3625
145	182	15.3633
145	203	6.44156
145	445	13.9852
146	75	13.2326
146	85	13.233
146	86	12.0094
146	99	13.2319
146	102	13.2297
146	113	13.227
146	119	13.2242
146	125	13.2216
146	141	13.2196
146	197	15.427
146	204	15.427
146	219	15.4275
146	357	8.63301
147	26	11.1197
147	40	12.2085
147	94	13.1672
147	96	14.4789
147	111	14.2523
147	120	13.1592
147	126	13.1565
147	145	14.4703
147	170	15.3609
147	173	15.3611
147	182	15.3618
147	364	5.84442
147	392	11.4559
148	18	13.107
148	24	12.9781
148	28	12.9793
148	30	12.9784
148	41	12.9759
148	48	12.9726
148	61	14.3067
148	63	12.9668
148	65	14.3038
148	80	15.2129
148	96	3.79302
148	108	15.2125
148	109	15.213
149	6	11.39
149	14	11.1671
149	46	11.1671
149	84	12.2976
149	103	12.2953
149	116	12.2926
149	119	16.9
149	131	13.4293
149	133	12.2872
149	144	12.2852
149	164	14.4927
149	171	14.4931
149	205	14.4939
150	56	12.7987
150	69	0.175749
150	81	13.5662
150	82	13.5663
150	106	13.5647
150	118	13.5621
150	132	13.559
150	188	15.7622
150	190	15.7601
150	191	15.7589
150	194	15.7585
150	215	19.6
150	222	17.0385
150	225	15.7599
151	234	22.5
151	279	9.6764
151	291	9.82039
151	335	10.9243
151	390	11.6926
151	393	12.7491
151	397	12.7346
151	446	15.1565
151	452	15.1565
151	463	14.891
151	486	15.9421
151	487	15.9423
151	490	15.9429
151	500	15.9438
152	166	11.5838
152	180	11.4843
152	237	12.536
152	261	12.6178
152	267	12.4557
152	280	12.527
152	300	13.5902
152	305	13.5525
152	312	13.5514
152	357	15.6724
152	380	15.6724
152	396	15.673
152	398	15.6739
152	473	23.173
153	110	12.1549
153	115	12.1537
153	138	12.1558
153	139	12.1545
153	158	13.2539
153	159	13.2511
153	196	13.2485
153	199	13.2463
153	200	13.2447
153	257	15.4188
153	271	15.4186
153	275	15.419
153	284	15.4199
153	348	16.5531
154	62	19.6
154	228	9.89977
154	272	11.3943
154	277	11.2002
154	303	12.2285
154	338	12.2257
154	365	13.5168
154	369	14.5931
154	378	13.5132
154	403	15.6124
154	409	15.6121
154	412	15.6123
154	413	15.6131
154	422	15.6141
155	157	9.03847
155	259	11.4517
155	297	10.0144
155	353	13.6529
155	369	15.8
155	370	13.4937
155	383	12.5206
155	415	14.5318
155	416	14.6145
155	418	14.7633
155	433	15.6385
155	450	15.6387
155	461	15.6394
155	466	15.6403
156	15	10.4126
156	193	12.1215
156	220	12.3687
156	232	13.3436
156	234	13.3411
156	244	13.3386
156	248	13.3362
156	258	14.2824
156	263	14.2809
156	292	13.332
156	332	15.4777
156	333	15.4779
156	342	15.4785
156	445	22.1148
157	155	9.03847
157	174	8.94758
157	353	13.5678
157	365	28.9
157	370	13.4086
157	383	12.4355
157	389	13.3304
157	415	14.4467
157	416	14.5294
157	418	14.6782
157	433	15.5534
157	450	15.5536
157	461	15.5542
157	466	15.5552
158	110	12.1523
158	115	12.1511
158	138	12.1532
158	139	12.1519
158	153	13.2539
158	159	13.2486
158	196	13.2459
158	198	19.6
158	199	13.2437
158	200	13.2421
158	257	15.4162
158	271	15.416
158	275	15.4164
158	284	15.4173
159	29	19.6
159	110	12.1495
159	115	12.1483
159	138	12.1504
159	139	12.1492
159	153	13.2511
159	158	13.2486
159	196	13.2432
159	199	13.2409
159	200	13.2393
159	257	15.4134
159	271	15.4132
159	275	15.4136
159	284	15.4145
160	180	12.458
160	210	13.421
160	261	13.5916
160	267	13.4295
160	280	13.5008
160	300	14.564
160	305	14.5262
160	312	14.5252
160	357	16.6461
160	380	16.6462
160	396	16.6467
160	398	16.6476
160	475	17.9119
160	489	16.352
161	162	11.1603
161	215	11.4114
161	235	12.467
161	269	12.1545
161	283	13.3497
161	298	13.3549
161	308	14.1614
161	309	13.1088
161	317	14.15
161	331	13.2007
161	352	15.2453
161	373	15.3145
161	392	15.3211
161	414	16.3093
162	161	11.1603
162	164	18.4134
162	215	11.4676
162	221	11.4588
162	235	12.5232
162	282	13.2416
162	283	13.4059
162	298	13.4112
162	308	14.2176
162	331	13.2569
162	352	15.3015
162	373	15.3707
162	392	15.3773
162	414	16.3655
163	4	13.3054
163	29	13.4444
163	38	14.6897
163	49	13.3041
163	78	14.4407
163	88	15.686
163	97	14.4346
163	98	15.7911
163	121	14.4315
163	129	14.4306
163	135	15.7886
163	192	16.6413
163	296	22.5
163	477	6.44902
164	6	13.5987
164	14	13.3758
164	46	13.3758
164	84	14.5063
164	103	14.504
164	116	14.5013
164	131	15.638
164	133	14.4959
164	144	14.4939
164	149	14.4927
164	162	18.4134
164	171	16.7018
164	205	16.7026
164	413	2.34328
165	7	8.13739
165	120	19.6
165	228	10.1518
165	272	11.6463
165	303	12.4805
165	338	12.4778
165	365	13.7688
165	369	14.8451
165	378	13.7653
165	403	15.8644
165	409	15.8641
165	412	15.8644
165	413	15.8651
165	422	15.8661
166	152	11.5838
166	180	11.5799
166	210	12.5429
166	237	12.6316
166	241	22.5
166	261	12.7134
166	267	12.5513
166	280	12.6226
166	305	13.6481
166	312	13.647
166	357	15.768
166	380	15.768
166	396	15.7686
166	398	15.7695
167	50	9.89074
167	227	11.9715
167	241	13.5141
167	251	13.5141
167	306	15.3765
167	307	14.5212
167	320	15.4781
167	326	15.7506
167	345	16.6394
167	348	16.6396
167	382	16.6404
167	395	16.6415
167	441	14.9379
167	465	17.7416
168	2	11.2382
168	91	12.534
168	183	13.5506
168	213	13.4275
168	240	14.6625
168	247	15.7146
168	255	14.6581
168	266	15.6983
168	273	14.656
168	315	16.802
168	316	16.8025
168	327	16.8034
168	439	14.7123
168	499	18.4022
169	92	10.5011
169	140	10.4484
169	143	11.7599
169	239	12.6493
169	250	13.533
169	252	12.6482
169	262	12.5771
169	322	14.7152
169	340	14.6127
169	349	15.7768
169	351	15.7764
169	361	15.7766
169	379	15.7772
169	443	16.6
170	26	12.0117
170	40	13.1005
170	94	14.0592
170	95	15.3737
170	96	15.3709
170	99	15.4066
170	111	15.1443
170	120	14.0512
170	126	14.0485
170	145	15.3623
170	147	15.3609
170	173	16.2531
170	182	16.2538
170	286	4.90063
171	6	13.599
171	14	13.3761
171	46	13.3761
171	84	14.5066
171	103	14.5044
171	116	14.5016
171	131	15.6384
171	133	14.4962
171	135	0.274545
171	144	14.4943
171	149	14.4931
171	164	16.7018
171	205	16.703
171	384	28.9
172	135	19.6
172	184	9.27546
172	187	9.63181
172	208	10.0461
172	270	11.2617
172	324	12.8667
172	405	14.9601
172	417	15.0123
172	423	13.7073
172	453	15.9543
172	457	15.0249
172	458	14.9536
172	475	16.8566
172	494	17.042
173	26	12.0119
173	40	13.1007
173	94	14.0594
173	95	15.3739
173	96	15.3711
173	111	15.1445
173	120	14.0513
173	126	14.0486
173	145	15.3625
173	147	15.3611
173	170	16.2531
173	182	16.254
173	352	12.0937
173	485	10.364
174	157	8.94758
174	245	11.3138
174	259	11.3608
174	336	15.6234
174	370	13.4028
174	383	12.4298
174	389	13.3246
174	415	14.4409
174	416	14.5236
174	418	14.6724
174	433	15.5476
174	450	15.5478
174	461	15.5485
174	466	15.5495
175	178	10.6919
175	231	12.01
175	243	12.3504
175	276	11.9233
175	308	13.934
175	350	13.8416
175	358	13.8397
175	366	13.8381
175	367	14.6764
175	368	13.836
175	375	14.8424
175	381	13.8359
175	394	14.9374
175	404	15.9374
176	15	11.4416
176	193	13.1505
176	232	14.3727
176	234	14.3702
176	244	14.3676
176	248	14.3653
176	258	15.3115
176	263	15.31
176	292	14.361
176	332	16.5068
176	333	16.5069
176	342	16.5076
176	420	12.1891
176	437	8.1293
177	8	13.374
177	13	7.85117
177	19	13.3767
177	76	14.3081
177	86	14.3072
177	87	14.3052
177	104	14.3025
177	117	14.2996
177	124	14.297
177	134	15.4118
177	137	15.4102
177	211	16.5017
177	212	16.5021
177	327	5.13184
178	92	19.6
178	175	10.6919
178	214	10.5818
178	231	12.2683
178	276	12.1817
178	310	14.0619
178	350	14.1
178	358	14.0981
178	366	14.0965
178	367	14.9348
178	368	14.0943
178	381	14.0943
178	394	15.1958
178	404	16.1958
179	74	4.2
179	245	12.4217
179	259	12.4688
179	297	11.0314
179	305	25.6
179	353	14.67
179	383	13.5377
179	389	14.4325
179	416	15.6315
179	418	15.7803
179	433	16.6555
179	450	16.6557
179	461	16.6564
179	466	16.6574
180	152	11.4843
180	160	12.458
180	166	11.5799
180	237	12.5321
180	261	12.614
180	280	12.5232
180	300	13.5864
180	305	13.5486
180	312	13.5476
180	357	15.6685
180	380	15.6685
180	396	15.6691
180	398	15.67
180	428	21.3886
181	100	11.8291
181	109	1.79541
181	209	14.0499
181	224	12.7797
181	233	13.9652
181	246	15.1332
181	265	15.2267
181	281	15.2267
181	293	13.9566
181	302	16.1022
181	317	16.1022
181	330	16.1028
181	337	16.1038
181	422	21.2285
182	26	12.0126
182	40	13.1014
182	94	14.0601
182	95	15.3746
182	96	15.3718
182	111	15.1452
182	120	14.0521
182	126	14.0494
182	145	15.3633
182	147	15.3618
182	170	16.2538
182	173	16.254
182	239	22.5
182	309	25.6
183	2	10.0972
183	30	19.6
183	91	11.393
183	168	13.5506
183	213	12.2864
183	226	12.5712
183	240	13.5215
183	247	14.5736
183	255	13.5171
183	266	14.5573
183	273	13.515
183	315	15.661
183	316	15.6615
183	327	15.6624
184	105	8.12156
184	144	19.6
184	172	9.27546
184	187	9.95757
184	270	11.5875
184	324	13.1924
184	372	13.6354
184	405	15.2859
184	423	14.033
184	453	16.28
184	457	15.3507
184	458	15.2794
184	475	17.1823
184	494	17.3678
185	50	5.75
185	236	22.5
185	420	13.1203
185	434	15.6657
185	436	14.2877
185	441	14.4463
185	449	14.5986
185	455	14.6642
185	464	13.3742
185	465	14.5971
185	480	15.4394
185	481	15.4402
185	482	15.4413
185	488	15.4427
186	137	4.9942
186	141	14.6058
186	215	12.6818
186	221	12.673
186	235	13.7374
186	269	13.4249
186	282	14.4558
186	298	14.6253
186	308	15.4318
186	309	14.3793
186	331	14.4711
186	352	16.5157
186	392	16.5915
186	414	17.5797
187	123	8.43997
187	172	9.63181
187	184	9.95757
187	198	11.1037
187	270	11.9439
187	284	20.8797
187	324	13.5488
187	372	13.9917
187	405	15.6422
187	417	15.6944
187	457	15.707
187	458	15.6357
187	475	17.5387
187	494	17.7241
188	56	12.796
188	81	13.5635
188	82	13.5635
188	106	13.562
188	118	13.5594
188	132	13.5563
188	150	15.7622
188	190	15.7574
188	191	15.7562
188	194	15.7558
188	222	17.0358
188	225	15.7572
188	437	16.1789
188	469	3.65551
189	39	13.3577
189	42	13.3577
189	60	13.3516
189	67	13.3516
189	77	14.4834
189	112	14.4804
189	122	14.4776
189	128	15.8382
189	130	14.4746
189	142	15.8367
189	203	16.6838
189	218	16.685
189	315	4.67412
189	410	17.0775
190	56	12.7939
190	81	13.5614
190	82	13.5614
190	106	13.5599
190	118	13.5573
190	132	13.5542
190	150	15.7601
190	188	15.7574
190	191	15.7541
190	194	15.7537
190	222	17.0337
190	225	15.7551
190	275	8.70743
190	486	19.5925
191	2	13.6094
191	56	12.7926
191	81	13.5602
191	82	13.5602
191	106	13.5587
191	118	13.556
191	132	13.5529
191	150	15.7589
191	188	15.7562
191	190	15.7541
191	194	15.7525
191	222	17.0325
191	225	15.7539
191	354	6.14063
192	4	13.3064
192	29	13.4455
192	38	14.6908
192	49	13.3052
192	78	14.4418
192	88	15.6871
192	97	14.4357
192	98	15.7922
192	121	14.4326
192	129	14.4317
192	135	15.7897
192	163	16.6413
192	387	3.97766
192	497	28.5451
193	134	19.6
193	156	12.1215
193	176	13.1505
193	220	12.12
193	232	13.0949
193	234	13.0924
193	244	13.0899
193	248	13.0875
193	258	14.0337
193	263	14.0322
193	292	13.0833
193	332	15.229
193	333	15.2292
193	342	15.2298
194	56	12.7922
194	81	13.5598
194	82	13.5598
194	106	13.5583
194	118	13.5557
194	132	13.5525
194	150	15.7585
194	188	15.7558
194	190	15.7537
194	191	15.7525
194	222	17.0321
194	225	15.7535
194	310	10.0819
194	454	15.2112
195	100	10.8341
195	209	13.0549
195	216	11.9649
195	224	11.7847
195	233	12.9702
195	246	14.1382
195	265	14.2317
195	281	14.2317
195	293	12.9616
195	302	15.1072
195	317	15.1072
195	330	15.1078
195	337	15.1088
195	456	20.8683
196	110	12.1469
196	115	12.1457
196	138	12.1478
196	139	12.1465
196	153	13.2485
196	158	13.2459
196	159	13.2432
196	199	13.2383
196	200	13.2367
196	253	19.7293
196	257	15.4108
196	271	15.4106
196	275	15.411
196	284	15.4119
197	34	13.3921
197	75	14.3226
197	85	14.323
197	99	14.3219
197	102	14.3198
197	113	14.317
197	119	14.3142
197	125	14.3117
197	141	14.3096
197	146	15.427
197	204	16.517
197	219	16.5176
197	345	0.315771
197	480	21.4125
198	51	8.75645
198	79	11.1616
198	105	9.26766
198	158	19.6
198	187	11.1037
198	208	11.5179
198	270	12.7336
198	324	14.3385
198	372	14.7815
198	417	16.4842
198	423	15.1791
198	457	16.4967
198	458	16.4255
198	475	18.3284
199	110	12.1447
199	115	12.1435
199	138	12.1456
199	139	12.1443
199	153	13.2463
199	158	13.2437
199	159	13.2409
199	196	13.2383
199	200	13.2345
199	257	15.4086
199	271	15.4084
199	275	15.4088
199	284	15.4097
199	343	13.559
200	110	12.1431
200	115	12.1419
200	138	12.144
200	139	12.1427
200	153	13.2447
200	158	13.2421
200	159	13.2393
200	196	13.2367
200	199	13.2345
200	257	15.407
200	271	15.4068
200	275	15.4072
200	284	15.4081
200	467	36.1
201	7	8.03813
201	272	11.547
201	277	11.353
201	288	18.6733
201	303	12.3812
201	338	12.3785
201	365	13.6695
201	369	14.7459
201	378	13.666
201	403	15.7651
201	409	15.7649
201	412	15.7651
201	413	15.7658
201	422	15.7669
202	143	19.6
202	285	11.1572
202	296	9.66273
202	328	11.6043
202	334	10.8761
202	346	12.1033
202	402	14.035
202	410	14.1341
202	428	14.1619
202	431	15.1412
202	459	15.1685
202	493	16.1787
202	495	16.179
202	498	16.1796
203	39	13.3585
203	42	13.3585
203	60	13.3524
203	67	13.3524
203	77	14.4841
203	80	13.1584
203	112	14.4812
203	122	14.4783
203	128	15.839
203	130	14.4754
203	142	15.8375
203	145	6.44156
203	189	16.6838
203	218	16.6858
204	34	13.3921
204	75	14.3226
204	85	14.3231
204	99	14.3219
204	102	14.3198
204	113	14.3171
204	119	14.3142
204	125	14.3117
204	141	14.3097
204	146	15.427
204	197	16.517
204	209	2.35877
204	219	16.5176
204	337	12.8054
205	6	13.5999
205	14	13.377
205	46	13.377
205	84	14.5075
205	103	14.5052
205	116	14.5025
205	131	15.6392
205	133	14.4971
205	144	14.4951
205	149	14.4939
205	164	16.7026
205	171	16.703
205	285	17.8097
205	318	2.78745
206	134	19.6
206	260	9.42983
206	264	10.935
206	336	11.6395
206	339	11.2518
206	387	12.9049
206	426	13.7355
206	435	14.7111
206	442	14.8162
206	444	14.8403
206	454	14.9158
206	483	15.731
206	484	15.8284
206	492	15.8157
207	355	11.6897
207	407	12.4685
207	430	11.267
207	437	14.5498
207	440	13.6756
207	447	13.7222
207	451	13.6548
207	456	13.5718
207	470	13.5441
207	471	14.6186
207	479	14.619
207	482	25.2478
207	485	14.6197
207	489	14.6207
208	51	8.38098
208	79	10.7862
208	105	8.89219
208	172	10.0461
208	198	11.5179
208	270	12.3581
208	315	20.9259
208	372	14.406
208	405	16.0565
208	423	14.8037
208	453	17.0507
208	457	16.1213
208	475	17.953
208	494	18.1384
209	181	14.0499
209	195	13.0549
209	204	2.35877
